11127187
3479460
3403922
3484043
3435810
3332719
3340170
3362364
3334341
3317588
3250534
3251565
3253210
3255955
3234303
3248306
3231564
3285070
3196710
3230524
3249662
3241208
3208548
3236257
3257844
3202656
3205098
3248106
3220802
3241219
3251929
3250006
3259945
3211671
3237256
3259191
3189286
3230238
3253116
3261918
3208364
3219906
3226582
3240028
3248642
3279687
3238399
3206502
3251564
3253108
3216975
3206819
3235649
3284239
3255233
3184973
3254656
3264953
3266235
3255941
3232647
3207633
3252848
3212179
3237808
3245299
3181842
3229751
3261011
3237716
3242173
3262780
3234755
3234086
3254463
3177797
3235046
3267530
3245441
3229072
3207806
3251531
3229449
3227686
3238969
3260636
3212630
3268790
3232196
3193605
3242146
3228745
3199213
3255313
3255665
3196502
3202542
3248864
3246399
3237545
3231820
3267998
3234501
3175727
3230179
3201220
3223318
3260706
3237749
3212182
3234221
3263266
3181271
3226738
3247530
3237831
3246590
3255867
3260037
3270220
3229691
3217061
3240370
3232252
3221141
3245726
3221069
3256458
3235281
3260074
3236683
3239354
3243068
3239863
3183759
3218212
3219022
3195840
3210524
3206996
3222547
3186064
3239302
3258813
3207790
3250373
3232937
3282427
3259783
3195656
3223483
3245965
3275643
3214903
3186487
3246763
3268269
3201933
3248540
3268409
3213217
3253916
3243216
3253716
3258253
3218121
3215743
3230754
3190417
3228107
3254586
3179414
3214494
3256204
3259837
3267690
3246604
3250614
3224995
3230323
3237827
3280712
3233803
3251149
3260248
3266735
3219916
3221564
3267338
3191279
3225621
3249748
3200106
3236635
3259547
3407801
3292960
3246775
3255879
3266456
3251396
3207963
3246675
3294952
3246584
3274747
3246989
3188957
3258510
3207730
3229871
3249787
3252061
3228775
3230729
3269337
3248660
3250207
3222841
3224361
3207319
3228562
3241282
3234675
3254873
3251524
3236745
3197537
3237264
3275875
3213892
3231497
3273284
3250429
3255321
3203793
3249522
3250465
3188340
3224686
3218101
3212024
3251754
3254063
3267522
3216772
3252749
3250771
3258300
3217108
3256013
3239227
3256271
3241970
3208092
3231300
3266655
3197420
3203416
3195932
3191884
3293631
3232885
3228190
3240422
3260406
3278290
3236372
3203176
3218110
3254355
3234285
3226871
3245192
3252781
3250498
3232751
3228559
3247591
3198310
3215311
3264345
3228898
3224114
3247041
3257770
3211122
3259359
3240057
3260692
3232447
3246287
3241268
3260829
3197456
3255943
3417624
3253369
3225217
3253112
3263637
3219254
3237760
3242759
3271606
3262183
3245869
3213074
3222073
3222228
3175194
3233292
3277122
3177563
3237974
3270437
3278828
3205702
3236419
3275270
3249730
3210318
3255599
3264546
3281051
3240703
3199125
3237404
3238373
3264477
3244088
3232697
3254559
3260389
3197905
3248085
3229915
3241926
3221027
3233894
3201934
3250175
3229521
3247389
3202248
3238853
3246628
3229710
3260044
3235230
3232405
3230496
3246521
3230723
3237152
3251493
3230667
3241416
3197134
3207164
3229422
3210123
3241151
3205594
3254993
3234974
3244166
3253019
3225795
3225738
3249660
3262748
3218086
3227725
3216999
3215808
3224572
3285913
3261849
3251130
3218420
3239792
3226749
3202224
3256342
3264324
3253666
3222713
3197447
3265109
3229106
3229455
3235921
3207677
3215755
3235337
3255490
3215456
3249623
3240032
3252409
3267209
3219291
3237767
3243383
3199151
3289071
3240346
3262421
3225185
3231280
3245381
3213952
3241704
3240309
3226447
3221190
3230092
3224615
3192159
3264881
3232061
3228460
3250244
3266271
3209676
3233369
3236094
3209243
3239776
3234448
3262378
3221493
3239221
3251245
3282962
3190851
3226623
3237230
3215316
3193823
3242685
3229726
3237587
3243926
3178155
3286340
3255680
3255458
3255365
3201742
3244410
3264107
3196667
3223654
3252503
3248035
3222798
3227191
3374608
3237023
3242707
3202403
3248019
3264856
3230295
3217372
3251341
3253551
3228862
3226005
3249083
3246941
3208127
3237361
3266382
3253710
3212459
3250512
3257436
3258777
3232089
3248424
3252069
3283203
3260689
3282385
3248478
3202047
3226129
3258840
3281210
3260279
3259591
3244650
3256508
3244091
3208275
3236941
3241136
3231056
3229227
3250877
3211510
3224413
3248183
3286377
3268889
3221374
3220631
3269071
3269038
3270318
3261166
3218369
3221604
3238256
3262063
3221978
3241550
3234509
3216126
3223850
3265636
3249130
3263194
3210963
3224612
3256151
3270039
3194038
3242498
3256637
3242943
3213395
3234882
3241653
3215943
3208499
3240658
3238714
3265519
3214480
3249354
3237558
3216856
3242566
3250907
3215782
3231577
3210201
3214419
3249935
3221545
3286498
3360948
5507653
5488114
5452761
5428315
5474269
5481062
5486913
5365829
5459498
5383263
3625098
3359296
3364114
3336350
3333345
3262002
3296279
3330112
3335686
3312720
3290971
3345516
3368247
3276386
3326624
3312149
3332435
3290944
3348319
3578765
3545958
3368706
3357782
3348239
3740772
4349378
5538511
3974072
3404988
3402448
3348273
3316550
3370679
3288701
3298451
3283067
3304599
3292655
3335333
3252952
3299452
3282876
3345400
3294237
3301878
3286643
3277005
3320481
3288419
3304307
3242599
3317964
3302179
3276061
3255605
3282291
3281443
3225543
3258965
3313764
3256924
3272927
3211434
3249289
3251166
3251951
3203547
3246291
3234004
3174422
3232686
3242743
3225705
3241798
3261625
3254491
3255160
3218259
3238958
3214394
3232313
3240675
3212170
3229631
3243681
3259882
3249005
3209963
3262511
3245915
3223464
3228964
3247159
3251259
3201542
3220187
3255776
3244553
3206632
3294767
3245877
3259268
3208660
3243578
3264868
3232574
3231780
3226335
3228741
3211445
3244993
3248045
3164592
3246991
3222282
3202030
3239366
3243409
3192605
3256636
3217798
3212459
3211244
3213035
3221275
3239254
3261041
3181426
3231775
3256471
3207763
3210037
3228689
3198477
3246714
3255789
3300314
3269401
3210053
3220903
3263260
3251597
3217070
3205328
3258608
3240805
3204832
3206969
3357709
3213044
3261056
3206552
3221330
3216296
3183254
3221155
3235908
3186117
3217972
3212273
3237531
3262349
3261546
3199069
3231607
3258702
3173028
3219088
3189490
3209803
3245557
3212535
3233922
3228538
3200230
3242183
3249863
3227601
3220934
3232358
3246192
3213192
3232705
3240003
3167729
3232504
3204731
3223548
3235724
3203642
3235628
3252675
3227257
3213518
3244403
3196326
3223998
3228624
3230638
3201984
3237225
3209062
3249469
3241243
3211302
3203834
3242684
3215591
3226259
3224366
3196121
3247450
3233625
3259241
3221347
3254233
3244676
3246979
3221012
3295905
3258039
3249927
3245757
3240134
3242910
3212865
3236404
3254611
3197765
3222081
3242841
3246198
3206332
3234890
3250144
3231100
3218729
3223825
3178120
3245118
3263666
3203523
3438758
3241321
3221128
3221544
3280940
3248752
3255158
3214654
3240805
3269069
3225568
3231388
3230580
3190766
3232990
3248089
3218441
3245078
3256549
3269954
3194913
3231935
3280271
3210575
3194224
3247974
3200669
3237330
3227257
3215615
3240400
3250150
3207821
3215382
3231196
3230911
3234290
3271526
3218679
3242483
3249114
3227340
3196050
3232366
3248610
3200844
3235917
3266827
3256127
3212118
3241051
3271976
3249218
3205871
3209326
3251611
3215029
3207962
3237667
3208796
3241126
3236449
3251392
3210309
3217795
3262194
3243211
3252504
3238372
3252240
3268854
3204310
3242726
3223213
3256863
3193464
3225742
3260685
3225370
3240478
3275751
3231311
3214533
3217460
3167179
3227415
3250496
3220677
3206890
3238358
3256816
3202791
3230345
3251774
3240609
3211311
3251289
3240488
3193363
3236697
3258091
3184342
3231541
3269087
3190238
3204309
3195387
3213433
3244153
3217377
3209841
3205199
3224066
3247942
3220144
3236183
3240583
3245496
3224627
3250441
3233002
3253200
3257880
3213001
3249992
3245754
3188897
3242625
3241204
3254647
3210418
3202390
3256604
3217563
3237280
3240643
3258813
3258666
3228367
3239077
3244722
3255767
3243563
3227929
3251704
3251131
3255622
3195118
3230978
3243280
3205299
3225551
3230994
3227175
3217936
3262115
3232330
3200876
3239087
3222632
3218732
3240640
3249917
3220537
3224783
3255441
3212194
3232453
3224139
3204452
3213051
3251036
3280189
3230523
3225703
3239530
3254461
3228032
3228759
3240165
3199361
3255945
3243782
3167982
3201780
3213825
3238611
3230538
3241150
3183415
3446394
3247516
3214855
3242753
3250526
3192619
3251728
3235227
3252524
3209767
3227729
3260311
3276294
3224918
3253032
3228779
3195922
3237456
3221233
3177570
3246174
3277448
3237971
3207018
3240222
3249626
3207830
3241280
3254748
3230055
3171106
3235052
3254289
3264578
3213156
3234143
3247180
3254902
3177779
3232467
3207896
3236068
3244104
3206398
3215637
3214179
3204400
3230779
3256462
3202444
3245911
3239483
3228138
3196858
3250605
3247994
3194968
3232666
3209025
3228420
3227226
3207391
3240860
3252888
3268137
3266030
3214437
3199612
3240796
3251511
3220936
3259402
3248357
3221094
3220059
3245902
3256173
3197324
3179357
3276687
3209557
3227468
3256145
3224317
3235761
3224420
3254563
3212015
3245018
3241081
3231171
3217304
3253665
3268249
3246786
3234931
3258707
3270426
3234758
3265250
3284326
3252328
3213433
3230177
3248948
3210518
3242953
3245245
3269294
3253978
3206040
3231943
3235612
3267243
5365823
5281075
5331606
5363740
5280692
5448858
5467423
5449824
5423458
3885132
3819391
3792107
3844515
3811852
3575234
3318960
3232404
3243445
3229078
3222973
3218411
3239426
3193745
3237342
3221542
3156088
3224852
3179762
3580934
3335868
3350919
3235609
3225750
3239924
3247546
3221290
3199259
3190791
3245586
3255511
3242112
3207112
3230686
3210878
3206051
3250891
3174362
3231074
3267838
3197491
3208829
3246310
3216989
3218961
3243149
3247547
3170463
3223961
3216896
3176736
3238101
3189495
3241719
3215435
3213579
3237034
3249217
3189071
3238867
3257522
3198500
3231288
3246241
3223890
3233408
3244371
3171417
3214697
3186799
3225209
3248305
3185102
3248284
3255880
3181410
3212106
3196005
3232842
3270804
3201760
3248456
3230257
3189076
3236339
3240940
3210628
3240968
3237747
3191458
3201797
3245211
3206846
3236396
3249025
3206494
3228963
3185755
3230131
3263688
3256176
3199282
3214081
3258986
3351353
3232775
3237557
3250158
3234688
3236820
3243055
3207950
3220427
3243481
3215427
3225509
3246054
3202129
3237871
3253873
3196004
3248041
3204065
3217558
3238505
3214614
3192863
3241021
3266002
3213120
3221155
3235670
3209517
3217385
3240425
3188995
3214485
3248928
3171444
3217191
3189735
3232815
3250585
3256395
3228121
3214818
3243121
3201088
3231337
3189704
3232228
3245151
3225716
3179179
3245680
3193341
3231847
3231707
3272158
3216515
3213091
3250262
3213793
3216432
3234184
3238558
3204574
3234534
3243359
3187821
3231207
3227147
3205392
3266011
3246757
3236289
3223034
3257754
3235656
3202789
3239617
3237223
3213312
3260629
3249843
3192101
3214335
3257990
3252664
3190872
3225487
3258811
3186281
3215623
3189166
3258467
3231298
3197040
3214126
3242987
3184361
3255397
3226169
3241752
3197550
3208463
3253828
3203021
3220943
3201441
3216984
3211078
3187572
3233892
3262285
3191827
3229501
3264910
3197848
3213793
3249526
3202469
3242226
3266660
3248054
3201785
3227313
3255289
3184932
3243947
3244023
3208116
3213836
3233074
3212063
3218971
3256316
3200828
3267843
3236185
3206879
3234054
3243250
3221818
3233757
3252362
3204812
3222613
3244588
3183816
3218601
3239054
3202693
3228852
3259951
3186326
3239746
3261871
3195683
3270680
3231700
3204975
3213905
3274819
3180805
3239317
3247174
3203125
3230557
3248155
3196337
3209179
3210865
3171371
3252158
3265451
3192801
3227638
3273439
3249668
3179954
3215300
3199370
3227308
3240820
3213365
3223426
3248677
3237470
3199533
3213503
3247140
3203247
3225848
3245066
3176888
3243055
3241777
3179044
3224553
3211344
3230475
3256238
3210776
3222709
3238714
3195412
3219983
3271274
3251377
3187932
3235098
3248047
3215233
3234819
3303781
3236178
3214275
3228203
3236058
3243868
3202965
3239769
3249809
3188591
3245309
3247668
3214453
3228749
3268876
3246871
3218708
3213695
3244227
3207645
3200099
3222549
3201948
3233410
3215825
3222282
3219806
3186919
3193434
3167331
3212106
3182766
3205422
3213647
3188900
3208333
3195064
3250409
3223272
3188937
3237810
3236579
3201974
3228947
3239670
3193613
3245284
3231231
3195881
3199710
3211869
3183492
3245711
3229500
3231696
3248468
3190487
3221050
3230212
3242697
3208158
3192359
3227339
3261346
3203900
3222674
3196624
3239353
3254593
3207218
3230234
3264937
3204223
3222100
3198002
3219055
3250475
3247090
3199577
3239858
3246182
3287651
3305697
3245871
3222200
3219385
3271883
3250036
3216050
3250352
3246191
3182923
3225616
3190689
3202018
3242790
3170322
3244322
3258697
3190968
3219490
3270921
3186823
3210835
3243429
3191351
3381879
3190500
3213391
3233893
3212360
3253305
3233711
3189497
3239567
3239151
3175870
3250257
3289150
3241291
3174398
3227597
3211790
3221233
3205221
3213907
3300006
3230492
3230317
3227623
3232143
3234546
3258163
3183816
3202573
3249537
3186193
3226338
3185753
3206442
3246283
3181486
3203839
3184402
3223526
3255841
3233422
3206157
3246631
3239201
3194428
3218409
3208864
3248410
3265363
3200717
3207476
3209810
3218855
3229026
3200201
3224013
3257138
3232439
3191339
3209415
3258974
3249023
3169551
3207412
3196771
3251137
3194963
3229470
3235244
3195705
3214605
3250328
3196189
3225499
3214847
3170513
3226984
3249796
3198148
3222726
3277626
3212767
3227056
3236491
3204445
3197004
3257428
3239203
3192807
3217891
3210169
3232839
3216259
3244337
3204727
3245556
3266300
3246822
3210044
3234085
3182880
3219207
3258144
3194047
3230050
3243761
3249382
3200153
3229883
3254440
3192318
3207296
3279264
3273872
3221401
3204868
3252328
3254797
3220397
3228802
3249153
3208661
3225910
3238615
4997571
5465345
5402393
5452257
5437973
5485259
5391557
5449491
5498204
5500067
4463064
3242884
3267686
3267681
3289445
3286711
3272068
3390309
3364307
3329623
3298101
3268643
3284004
3258977
3212811
3238483
3256650
3226555
3231251
3264214
3275217
3270523
3258888
3216883
3248617
3242854
3207797
3218973
3216723
3275373
3255961
3202859
3219871
3257362
3190537
3219515
3305085
3250716
3267886
3220551
3249266
3257610
3213167
3220066
3232938
3255996
3221586
3206936
3234082
3218576
3234859
3260390
3225906
3214467
3233736
3286517
3300339
3259646
3234622
3244622
3224702
3201760
3263122
3211332
3194153
3269772
3235961
3224645
3245810
3234821
3258998
3211426
3228843
3256905
3245943
3249741
3253414
3268455
3269962
3233078
3186074
3231395
3230227
3198808
3242622
3210023
3239184
3261561
3253203
3230648
3232878
3262006
3249707
3214752
3251458
3252441
3236260
3209441
3225981
3260438
3251949
3282648
3292932
3196655
3214121
3227963
3237493
3241464
3253986
3256913
3212298
3239375
3223640
3171306
3240245
3245309
3219454
3213281
3227441
3264519
3288995
3197787
3224870
3271621
3200828
3208520
3218797
3202273
3250906
3253380
3229943
3229562
3256736
3209204
3244438
3273474
3195794
3219961
3234832
3220682
3231110
3242491
3272521
3272166
3223619
3219015
3264851
3211107
3225731
3262067
3293060
3253774
3259562
3221019
3238924
3265936
3272858
3208033
3215666
3232856
3232005
3211456
3238061
3187463
3274594
3262415
3282631
3264437
3237245
3229933
3249632
3209850
3243368
3263050
3451694
3967981
3578313
3433156
3451922
3461707
3406793
3310259
3296035
3241262
3424471
3564206
3427081
3458442
3425768
3406002
3327910
3264790
3268259
3270985
3212629
3250643
3240597
3229151
3221568
3239016
3267031
3236647
3212079
3233200
3235859
3189950
3242442
3259093
3220265
3226178
3234980
3240305
3246766
3212145
3236037
3248014
3194757
3230299
3245939
3205093
3224389
3248391
3276505
3239341
3209900
3232420
3248313
3229349
3225855
3269822
3264718
3219793
3233573
3218977
3179355
3233899
3274293
3207648
3226479
3246839
3261324
3217396
3225916
3252484
3203444
3232132
3235682
3209966
3228235
3206797
3223317
3260082
3268868
3211005
3197981
3239512
3216050
3258615
3256490
3258207
3282450
3261166
3220323
3214655
3185083
3226592
3201184
3216691
3243684
3176455
3217405
3171727
3229185
3243979
3223133
3196201
3223157
3240799
3228574
3240861
3204231
3233329
3238189
3202803
3232775
3229221
3198812
3248074
3247756
3201769
3216251
3255030
3200480
3239385
3272778
3220999
3216198
3237823
3267638
3291966
3256399
3221163
3216343
3258102
3278270
3228339
3221651
3284407
3250230
3288132
3201411
3274964
3530768
3213552
3262367
3258537
3225078
3250704
3235772
3240396
3223166
3193082
3252339
3258670
3252535
3247876
3258898
3246663
3221358
3250121
3206847
3241085
3254161
3256255
3228950
3226250
3242432
3217632
3216367
3224656
3237978
3208090
3231601
3255035
3197345
3260065
3243873
3257265
3218198
3205407
3211258
3217983
3219765
3266082
3261437
3224451
3232723
3232958
3214857
3262013
3231595
3251701
3211511
3254203
3248060
3239839
3206559
3288090
3251363
3191009
3237565
3268306
3203257
3228053
3238437
3205367
3233910
3188972
3242790
3271648
3199568
3253817
3243294
3243393
3218740
3214052
3215880
3241820
3281909
3253098
3206785
3227987
3264161
3258790
3213608
3227678
3279441
3261161
3241759
3187207
3229770
3251196
3212905
3197524
3274664
3259170
3212704
3223900
3219083
3254536
3231236
3192794
3247287
3250294
3274417
3225960
3225234
3235393
3258219
3207448
3214691
3258350
3204032
3239344
3260209
3298893
3210697
3240162
3229019
3169315
3447196
3430808
3297431
3250561
3203916
3238405
3256632
3206774
3248711
3285373
3210883
3234402
3235535
3260129
3215276
3237300
3255645
3266778
3254587
3184302
3231676
3227057
3262938
3204823
3246524
3229820
3189287
3241769
3239664
3205793
3230356
3290582
3281244
3263513
3256847
3226377
3223697
3242608
3294060
3229422
3232797
3229012
3203993
3242212
3256030
3215687
3259832
3259545
3258124
3194245
3258048
3283751
3257385
3206107
3207942
3237688
3206164
3220667
3341064
3333739
3232892
3396191
3254073
3213750
3267544
3198232
3257592
3260753
3193569
3227971
3276818
3230509
3213942
3224778
3217892
3235241
3248096
3193155
3240696
3246668
3263326
3200554
3267534
3213684
3206696
3220667
3262437
3206288
3217024
3241366
3262757
3234798
3239488
3237456
3208248
3240194
3266764
3260023
3195099
3223159
3233958
3192151
3230277
3265665
3217927
3223542
3211505
3189106
3228830
3211210
3200745
3273811
3210480
3201404
3243019
3335805
5303543
5311004
5326609
5402711
5347843
5420175
5444731
5424021
5393462
5487706
3636797
3229424
3252027
3236204
3213408
3214097
3218717
3230899
3245893
3208003
3218881
3243976
3186035
3223830
3207405
3167835
3206052
3223241
3199404
3234452
3227938
3229238
3213112
3176086
3217316
3238389
3186162
3234295
3235619
3200933
3240068
3191905
3230544
3182874
3173254
3212700
3228972
3173073
3218752
3262500
3186949
3246140
3220274
3187070
3251373
3249349
3215037
3222540
3242417
3183407
3234109
3257225
3218433
3221515
3242635
3203260
3237471
3248908
3187665
3228114
3212588
3197770
3245136
3261605
3194205
3220716
3232793
3218475
3229303
3250891
3217254
3221290
3234351
3203761
3214479
3244508
3211879
3236324
3201349
3211821
3235997
3192921
3227170
3238244
3194016
3232845
3217024
3198156
3239688
3233593
3201395
3227379
3246482
3191649
3222032
3229179
3197755
3236986
3227689
3190652
3227161
3243136
3195297
3217313
3247404
3197374
3219683
3287597
3230335
3188490
3210717
3167959
3202301
3183583
3244981
3245685
3184348
3194096
3189078
3231257
3220013
3195398
3206013
3195003
3223153
3226840
3195399
3222693
3244255
3212261
3229397
3244032
3189005
3230872
3234501
3195673
3227142
3213457
3301864
3212051
3245838
3232167
3202268
3225227
3190576
3232143
3231770
3177845
3208218
3209774
3234034
3228577
3193557
3195034
3162106
3223357
3250458
3192706
3224483
3204545
3209362
3218422
3209943
3244099
3345185
3230813
3224826
3169101
3213994
3191745
3199363
3168619
3229417
3250326
3203719
3258990
3244604
3210302
3192007
3170640
3217983
3242900
3201105
3209493
3258444
3209964
3225770
3193942
3221566
3224129
3180713
3232702
3199747
3222981
3235832
3202195
3231583
3243868
3174989
3237738
3159571
3219273
3192601
3283567
3222506
3230852
3212188
3218076
3229748
3223226
3237765
3218062
3236242
3166409
3231173
3246940
3188152
3235210
3231468
3185795
3223256
3253820
3166769
3235694
3247046
3193571
3212653
3190754
3207931
3272775
3199023
3196522
3233658
3197486
3213914
3233498
3196257
3225028
3251892
3167053
3232464
3225967
3223775
3468316
3240127
3199758
3221827
3245463
3245914
3198135
3238738
3229409
3205498
3232845
3246765
3194280
3223461
3244474
3263746
3190170
3228852
3249746
3196966
3235934
3212069
3196108
3232598
3241196
3285562
3208728
3265986
3233614
3205753
3220665
3249770
3211074
3210937
3263077
3253808
3209109
3224246
3243988
3187151
3236071
3224805
3195681
3222019
3207417
3195486
3222277
3197128
3225308
3305443
3207428
3218446
3254269
3254841
3205599
3237843
3256126
3205003
3224197
3242937
3181557
3231075
3209629
3196756
3170884
3244017
3228023
3202272
3254587
3239405
3586698
3242079
3246284
3183414
3227939
3231677
3247788
3193715
3202868
3207523
3231282
3246202
3193275
3228778
3251305
3272078
3193390
3229501
3246072
3201452
3222895
3249902
3203980
3186741
3186074
3217893
3251976
3194768
3203088
3244007
3227345
3211831
3181144
3184197
3249135
3199029
3230670
3222109
3182142
3232304
3238152
3186911
3226486
3238779
3210402
3207807
3250038
3176177
3236318
3253465
3191425
3204390
3192184
3244537
3230502
3160499
3220455
3206109
3214288
3232442
3235981
3203991
3219085
3236349
3199469
3206176
3161566
3232312
3235636
3227063
3216473
3244000
3238368
3209109
3221469
3218400
3225261
3226321
3200067
3237506
3246323
3200471
3228524
3245181
3234914
3190776
3218236
3234387
3208529
3225678
3202300
3191400
3240717
3219692
3224763
3198911
3237532
3221369
3214465
3232062
3228041
3217213
3233601
3245554
3193302
3231609
3244524
3205526
3245773
3267504
3248392
3192300
3200795
3179219
3232484
3234121
3192264
3237591
3189752
3216741
3230044
3261125
3192567
3231792
3239446
3192955
3227425
3229441
3196077
3228675
3243626
3211018
3223863
3249026
3190996
3222972
3205346
3214199
3227094
3197371
3236342
3202451
3217868
3243517
3175915
3219810
3272133
3254169
3193802
3253259
3204861
3213402
3248038
3209203
3214412
3246882
3165919
3213863
3208650
3226439
3255030
3237477
3237647
3213199
3237529
3191138
3239025
3206813
3229515
3241850
3170760
3218100
3240446
3203782
3249315
3192504
3216140
3254532
3194158
3219641
3245247
3186788
3224848
3206613
3242007
3258897
3186158
3233181
3260431
3173430
3216749
3245668
3200759
3241580
3252695
3251130
3191335
3223103
3231282
3251296
3191880
3238425
3204907
3205882
3215579
3192828
3236422
3247143
3213855
3239722
3231481
3235163
3162578
3237931
3174745
3216962
3178315
3236860
3235436
3234413
3208927
3222443
3190600
3233767
3190535
3214073
3217490
3218578
3220651
3172363
3200799
4949232
5437115
5402678
5421316
5438692
5448711
5495324
5484583
5472872
5608647
5499269
3688841
3641206
3628389
3648560
3591582
3379394
3340309
3399666
3345106
3462070
3394275
3363728
3385232
3327201
3343654
3388092
3371771
3346223
3401372
3362298
3323254
3351144
3373016
3341301
3383859
3363108
3347685
3392933
3361130
3321342
3377183
3352194
3371976
3366455
3343253
3363784
3395383
3353544
3351743
3358063
3352229
3362826
3379021
3344877
3357404
3374037
3349440
3353330
3365777
3241031
3242361
3237640
3212218
3237151
3271904
3220565
3229909
3234300
3270611
3218063
3220683
3232099
3218152
3224415
3235626
3255279
3208370
3236640
3257898
3255268
3199809
3227036
3246492
3223546
3254467
3229166
3189606
3236389
3228514
3194181
3238764
3244885
3261967
3208530
3229883
3259838
3205721
3241953
3250558
3177265
3258866
3245259
3260572
3198675
3231272
3243543
3218724
3216507
3218012
3203865
3242362
3241315
3198678
3236629
3237398
3317855
3211022
3201804
3260117
3245429
3181388
3235129
3261365
3263345
3213063
3233274
3273340
3253983
3216133
3240833
3251033
3247225
3242531
3236635
3262093
3229470
3196090
3229869
3228831
3219936
3224278
3250911
3259198
3210435
3261632
3246479
3231636
3225809
3231710
3255883
3175607
3228691
3248832
3223251
3216401
3244863
3251759
3204278
3224934
3196979
3236295
3276868
3203326
3216460
3252731
3240371
3201752
3249462
3271367
3214684
3214511
3224005
3200236
3225036
3206655
3204909
3241988
3211267
3239315
3250679
3255400
3214765
3248312
3233591
3209936
3245121
3226875
3271196
3224517
3236839
3268847
3266059
3272744
3208638
3237124
3239648
3258532
3219214
3227168
3252556
3245650
3203297
3247089
3293432
3247820
3280434
3214772
3245901
3249850
3278820
3212539
3235753
3254016
3260800
3211350
3234805
3244037
3250858
3265904
3214463
3207522
3258806
3243821
3197924
3237711
3213948
3220308
3225978
3222466
3194989
3232676
3261908
3206544
3215407
3256382
3246951
3269782
3210087
3266673
3236600
3253925
3205280
3257995
3252096
3276214
3229328
3258884
3227635
3254968
3213016
3239447
3252008
3208752
3218451
3249993
3261689
3231346
3220242
3233945
3235081
3223800
3243793
3256817
3215332
3197145
3245140
3185906
3245219
3250884
3183769
3238567
3278373
3208139
3258820
3221401
3239611
3252341
3246029
3199928
3233232
3305492
3256369
3268440
3209027
3240927
3229712
3202810
3230499
3256527
3222513
3233336
3267866
3281449
3205087
3222284
3250136
3195226
3204292
3215142
3231690
3258151
3264732
3262873
3252869
3229236
3234688
3245762
3179133
3243510
3260215
3271421
3266708
3196077
3234304
3257956
3194152
3235504
3265657
3233443
3242183
3265096
3250467
3201888
3217881
3252004
3207775
3210896
3353451
3263531
3255721
3254318
3257800
3286695
3198857
3229699
3244032
3216197
3247914
3264032
3238906
3229364
3227335
3212403
3170640
3234662
3262307
3192668
3265892
3264279
3206653
3188757
3241583
3186222
3245262
3203172
3225776
3246937
3224643
3215731
3240437
3205772
3245311
3255916
3232381
3210985
3222657
3265500
3246524
3210549
3227005
3250792
3197913
3207301
3251075
3261205
3211738
3237090
3225430
3189686
3230997
3232526
3254417
3171783
3245800
3252148
3212869
3224173
3269270
3253109
3211977
3209742
3249082
3263838
3192343
3245486
3253916
3236242
3166569
3232714
3261630
3223476
3212674
3255015
3270785
3233473
3231587
3239925
3253371
3213721
3217117
3242614
3213936
3251780
3250272
3192329
3227224
3237065
3207390
3238183
3259464
3266180
3229418
3428077
3234715
3272016
3254844
3222052
3243445
3242805
3221203
3201753
3241112
3242689
3262356
3194745
3204594
3248297
3197150
3241736
3256565
3214907
3252365
3250060
3208726
3205271
3260952
3211736
3229980
3225102
3188500
3247342
3262304
3222397
3231924
3238006
3246639
3238029
3215083
3227144
3249863
3178065
3215581
3217719
3301536
3240867
3249882
3257591
3193015
3210377
3254009
3221523
3224215
3243552
3261871
3243064
3199653
3239115
3294587
3262880
3244416
3222478
3233896
3250341
3184644
3240506
3239362
3193890
3246053
3235982
3242395
3206132
3216567
3264115
3203347
3219131
3243889
3190317
3233750
3241958
3199675
3227540
3245823
3183726
3233743
3199988
3219084
3267361
3252814
3251286
3205991
3232532
3263441
3272043
3256403
3210268
3264254
3236622
3173705
3230127
3269294
3221943
3240108
3262532
3251702
3216235
3218206
3228665
3243713
3208699
3224745
3258939
3184857
3249136
3261864
3210648
3254604
3266104
3246384
3214690
3227643
3249242
3234755
3181326
3250477
3254393
3212966
3228841
3243355
3198814
3244781
3258925
3191487
3218964
3251497
3325693
5443236
5409688
5431471
5455117
5435748
5391940
5436899
5427952
5423373
5396691
3134431
3174323
3218525
3179789
3204184
3186098
3226140
3230077
3185209
3230762
3257941
3170213
3212222
3223830
3204779
3229805
3239575
3203218
3239207
3195082
3219265
3241158
3198568
3226135
3250625
3201265
3238290
3248047
3211367
3215674
3179334
3215799
3254103
3193080
3218435
3245578
3214623
3250003
3237281
3193481
3219031
3271564
3184502
3197372
3166958
3227654
3232469
3215796
3242701
3210435
3207782
3231898
3215849
3214353
3244113
3209031
3200420
3242719
3188795
3229986
3226106
3204727
3229060
3242952
3223015
3223055
3222895
3189691
3233682
3227375
3188639
3218626
3172884
3179594
3192496
3235086
3243284
3184357
3222589
3235340
3202012
3192231
3242055
3225530
3215162
3242547
3222021
3239701
3245523
3206319
3237052
3243366
3224397
3237244
3238531
3199699
3230055
3257712
3194176
3231642
3183372
3236882
3265324
3205812
3207281
3246810
3183587
3250002
3236781
3188667
3214396
3196932
3232038
3246808
3196840
3224650
3219149
3200279
3237666
3171808
3230971
3197067
3211965
3252751
3240880
3203257
3235400
3204339
3209526
3236225
3261203
3161989
3235255
3197367
3232257
3233377
3185757
3233120
3243122
3211991
3205446
3255267
3198227
3205159
3245213
3202733
3228559
3246991
3200588
3235622
3240437
3213161
3219163
3236296
3199363
3241452
3182191
3215958
3249027
3206163
3228483
3241180
3196043
3223290
3259842
3188256
3227210
3221046
3192774
3243414
3231545
3202159
3213370
3207852
3217078
3242029
3193836
3246250
3236185
3194327
3238423
3255603
3255524
3200634
3219566
3232369
3210389
3234377
3229757
3180637
3225192
3245173
3193387
3237782
3220020
3192340
3215372
3201609
3218520
3229142
3251634
3216414
3252429
3264004
3246512
3192146
3219856
3236607
3210745
3216044
3242541
3200815
3232560
3217254
3190042
3216818
3181207
3251511
3238886
3168774
3224216
3211409
3214772
3254607
3245153
3219145
3202715
3248301
3188084
3216454
3238791
3173687
3194783
3186378
3202419
3224570
3278022
3309252
3346975
3389812
3508440
3666116
3736318
3688055
3597984
3595942
3720997
3671447
3397427
3314647
3287306
3272652
3216332
3229810
3200288
3230854
3218668
3189222
3229694
3263669
3254104
3164156
3232812
3247219
3205264
3216001
3242300
3189781
3222427
3242256
3213001
3242925
3235968
3205960
3216872
3244844
3184089
3221858
3207951
3225129
3229374
3196553
3214126
3229245
3164795
3225001
3249872
3198003
3195931
3242261
3208432
3221234
3227879
3254422
3208413
3236319
3264219
3197865
3211191
3223022
3199071
3219685
3251656
3215411
3213472
3238801
3212773
3212253
3246556
3191949
3226314
3229951
3212576
3221336
3245545
3221573
3217595
3247096
3196388
3202871
3235383
3209372
3245131
3248341
3190053
3221598
3200483
3234180
3212855
3186238
3227845
3195521
3217205
3219348
3226374
3222090
3231998
3196433
3220365
3234497
3177819
3227847
3170828
3241469
3184319
3215077
3227070
3201769
3243381
3236939
3196336
3231361
3274172
3200993
3184056
3201724
3224115
3242505
3200077
3222061
3244532
3181232
3215523
3228758
3198769
3209067
3210187
3192111
3227101
3203545
3240772
3250853
3196168
3209609
3244939
3176356
3202761
3155526
3218165
3199411
3216947
3241289
3179953
3230372
3239129
3205756
3209803
3227576
3194177
3228708
3170064
3224563
3200114
3207537
3232069
3212073
3217077
3157309
3190821
3192450
3205895
3243133
3210425
3223977
3204367
3222348
3248240
3217901
3216831
3221446
3163196
3245319
3203116
3224803
3228495
3201525
3231811
3206741
3223025
3246013
3205433
3229340
3238668
3218178
3222678
3228525
3261969
3213540
3198602
3195461
3197717
3225105
3181327
3221940
3240389
3196009
3220703
3207367
3216299
3225404
3187305
3210495
3222791
3169414
3210090
3198798
3235439
3215355
3189407
3216868
3181824
3200858
3250254
3207336
3227318
3247813
3214293
3221135
3241512
3210964
3231859
3251371
3174286
3240119
3227311
3231202
3225097
3224560
3169773
3240164
3202106
3223217
3208796
3204255
3226633
3246002
3181841
3215256
3251787
3202616
3225352
3253202
3238162
3179966
3224474
3211017
3235497
3234704
3203493
3228347
3231513
3297714
3216877
3233078
3210184
3245495
3200881
3227226
3227476
3203732
3228267
3199918
3227903
3238914
3199783
3206667
3235222
3186151
3210028
3231579
3181428
3204610
3161031
3238696
3216559
3184505
3223533
3191375
3252120
3236178
3195490
3247488
3241978
3192417
3202448
3186348
3230529
3231386
3205884
3225071
3202015
3222835
3229947
3186787
3210514
3176017
3239333
3250840
3196968
3248242
3251640
3199099
3236724
3249792
4841118
5360146
5348509
5411680
5444864
5464710
5446995
5445992
5367210
5319096
4941071
3185574
3225633
3247017
3267986
3253333
3219007
3251271
3261137
3259354
3248504
3231333
3223476
3248421
3203744
3248411
3260416
3232133
3220490
3265810
3274203
3264977
3252288
3215765
3221881
3248839
3250775
3266484
3217496
3229752
3240759
3215629
3227722
3259029
3263805
3267308
3189014
3230451
3272478
3199144
3223707
3218392
3206606
3229808
3228832
3222975
3227260
3248508
3227506
3244237
3235287
3224923
3229917
3272029
3206450
3201039
3250282
3237943
3240355
3228650
3276150
3216168
3250392
3259043
3269588
3222869
3233218
3258189
3189282
3247434
3227131
3203028
3223856
3236158
3208810
3226724
3259381
3210300
3241688
3235914
3262533
3240239
3226249
3251602
3234364
3221321
3265120
3241853
3258450
3205849
3259157
3249120
3173188
3220572
3232201
3201565
3244675
3258292
3203169
3226351
3243763
3208225
3229930
3245654
3198878
3230608
3263056
3208182
3224126
3254499
3231126
3218071
3230194
3257531
3194747
3235084
3248726
3238393
3195823
3248408
3269959
3190695
3233879
3241476
3229815
3238297
3214382
3192369
3244478
3245987
3256407
3225521
3208098
3242014
3249359
3232181
3237825
3257709
3236960
3217307
3243078
3217740
3194961
3220644
3201662
3245457
3257049
3234471
3192737
3277197
3231343
3235832
3164006
3247989
3269498
3222944
3234088
3249978
3200721
3218334
3224097
3188884
3228304
3261421
3220257
3241602
3244394
3222346
3223638
3226226
3209871
3227299
3257631
3213386
3241095
3240158
3238054
3207171
3258564
3240446
3254768
3225772
3202223
3236700
3251828
3179239
3222265
3248008
3203568
3217227
3252170
3277281
3199717
3213557
3224564
3218316
3243574
3261435
3222604
3236670
3251936
3211526
3227177
3210506
3258238
3199757
3222804
3247744
3194333
3214283
3161679
3243680
3248914
3233579
3202562
3231733
3214104
3240733
3222928
3190519
3250169
3256515
3230363
3224629
3236616
3181863
3241396
3214639
3199794
3251973
3264608
3232053
3209205
3235361
3273615
3204831
3233866
3254936
3269555
3218553
3239829
3271234
3271748
3245208
3191176
3227009
3261757
3175569
3248929
3253679
3218261
3253512
3237156
3229539
3220766
3239597
3180677
3243751
3263955
3253106
3209956
3203133
3251638
3250448
3207142
3267389
3216336
3203495
3234384
3234221
3244565
3216790
3222269
3244650
3192985
3187722
3249735
3207032
3234503
3201060
3234494
3245649
3252971
3253178
3207924
3248609
3239742
3214406
3216361
3252166
3212573
3241064
3224739
3245532
3227452
3257614
3251183
3201513
3238413
3245556
3252622
3219185
3231473
3235692
3264048
3260199
3226101
3232981
3239493
3284630
3205167
3230424
3234334
3289257
3214331
3267800
3235000
3241605
3263903
3264553
3207619
3249429
3215064
3225857
3222332
3249702
3216727
3236125
3224348
3214881
3240051
3241974
3243145
3231149
3218365
3216847
3247989
3188708
3284598
3253779
3238849
3207812
3229062
3232120
3195742
3213502
3259675
3222138
3241116
3265182
3243107
3204737
3242747
3252555
3226461
3201077
3238773
3262911
3210350
3225421
3215225
3194398
3226361
3284716
3191685
3203901
3209195
3225088
3224692
3236299
3226788
3218025
3245438
3240417
3249493
3215892
3239390
3241422
3203774
3242289
3254009
3219227
3239331
3220641
3245409
3202392
3236488
3216363
3200769
3219495
3235536
3215986
3242756
3239888
3197591
3242053
3237145
3195943
3236331
3223189
3205039
3240154
3244657
3196224
3212279
3256983
3205583
3239991
3245829
3218157
3231197
3343311
3263005
3225018
3265959
3199713
3206626
3235065
3199429
3241826
3239438
3211747
3210890
3273631
3204896
3245357
3267706
3193692
3218092
3242518
3208943
3234772
3240700
3199909
3216687
3244310
3213959
3200069
3167430
3247928
3223688
3237176
3235719
3244367
3217810
3230621
3251023
3215866
3244711
3209003
3204778
3239405
3257436
3253622
3234608
3219278
3240415
3248536
3164735
3226163
3258697
3253746
3194080
3235688
3256756
3250676
3201221
3233320
3238606
3231875
3232429
3246472
3263557
3216545
3227539
3215804
3164844
3228756
3261807
3253588
3192352
3218991
3251236
3234943
3234537
3233390
3191095
3209248
3240215
3236854
3193190
3247500
3250720
3209694
3221962
3239793
3197919
3241871
3244627
3177813
3236746
3256586
3196043
3228712
3268011
3212646
3387708
3241793
3216012
3201040
3243373
3223472
3230736
3267358
3249950
3233000
3200491
3235394
3173118
3234789
3218124
3189751
3254485
3252333
3222294
3225010
3267375
3196245
3237802
3251531
3196319
3238608
3254169
3219608
3228781
3246858
3250270
3194007
3243815
3245941
3207974
3252588
3232266
3253908
3183780
3297912
5570159
5505353
5405701
5417525
5400729
5401805
5408153
5445087
5480237
5392233
3996079
3166716
3214376
3234086
3241340
3194622
3246462
3246452
3202878
3216895
3241108
3207018
3230567
3249740
3170375
3224899
3243130
3181656
3228056
3184275
3226687
3188150
3217769
3168227
3227119
3253032
3243446
3215169
3256174
3220587
3192796
3226967
3261335
3210196
3223640
3236386
3203827
3216704
3232289
3204366
3221490
3188340
3255081
3232225
3199862
3235288
3230932
3207758
3221470
3225129
3198585
3245034
3199866
3196947
3252168
3240485
3224029
3195460
3246765
3255238
3181599
3226125
3217043
3201308
3243314
3234314
3211727
3194344
3187437
3222120
3248562
3213311
3238871
3238350
3199556
3247382
3277147
3192644
3187255
3196237
3231781
3224647
3193063
3226595
3213568
3227206
3217109
3208739
3223979
3235299
3214110
3222760
3230363
3197773
3262975
3231501
3178923
3230891
3239130
3193844
3214619
3224257
3229313
3243861
3185888
3227707
3253334
3209281
3225720
3257304
3193972
3244228
3225229
3200256
3222380
3242391
3195109
3215794
3200835
3201585
3223915
3217277
3215265
3238229
3191113
3229577
3241225
3182223
3331037
3478512
3727231
3440567
3404045
3418050
3452952
3446128
3327939
3325040
3380020
3338967
3311229
3330582
3343236
3336409
3303816
3197128
3159513
3205514
3206252
3221168
3224934
3197824
3233569
3241538
3202703
3209225
3191057
3226669
3235008
3185670
3217055
3215412
3231415
3213233
3211558
3243525
3232824
3221095
3239542
3240013
3172746
3203107
3190643
3195128
3244169
3206460
3225730
3191234
3220355
3222665
3195241
3210887
3247861
3208416
3215587
3194127
3234949
3242075
3231634
3219354
3229785
3195051
3228782
3249753
3206319
3208084
3255509
3204439
3199647
3231665
3199326
3222089
3232031
3192786
3240171
3243188
3209244
3387946
3211754
3229080
3233829
3205086
3199440
3228334
3215358
3213820
3232835
3198453
3230800
3233081
3192325
3205612
3180732
3212222
3224381
3203365
3240694
3236243
3238500
3357486
3243377
3192996
3235132
3235069
3187919
3238201
3225819
3210054
3192039
3236773
3211190
3211212
3253698
3199628
3256029
3243891
3172978
3186713
3218850
3216636
3229873
3206626
3209744
3243232
3181162
3234171
3233773
3201776
3225264
3230224
3174703
3224840
3197273
3206857
3246492
3188200
3222747
3235973
3190652
3205674
3175084
3233354
3237499
3172343
3218115
3162580
3230954
3181926
3233999
3173685
3208234
3251779
3161398
3201538
3195766
3222459
3181013
3199356
3252762
3176565
3224899
3242973
3205631
3242381
3210772
3216554
3208690
3151978
3241427
3224869
3223058
3231034
3189197
3234436
3215112
3171603
3197000
3230244
3233902
3209399
3241045
3177028
3218751
3196663
3193246
3213517
3192328
3210655
3221284
3215239
3253108
3205147
3227162
3257992
3166455
3220522
3194236
3224880
3227726
3204976
3225742
3213041
3209685
3236575
3197125
3228495
3232999
3215707
3232724
3238611
3209296
3215201
3233035
3201847
3229199
3239035
3218071
3214470
3216770
3187634
3223988
3256988
3192209
3219111
3250702
3207596
3221702
3230337
3187213
3223635
3243328
3199115
3214514
3190552
3213659
3226242
3232151
3196915
3241692
3186817
3211531
3244064
3186768
3211597
3180507
3229491
3193457
3200388
3231872
3160173
3244089
3212561
3194251
3224662
3168723
3247466
3188366
3209497
3222035
3207564
3208746
3234854
3254640
3191794
3185781
3187586
3230394
3208594
3210473
3236941
3186820
3218202
3236621
3208307
3211051
3252059
3183584
3246234
3245548
3207376
3225854
3195285
3202054
3178914
3232764
3221152
3202831
3234331
3252525
3188278
3205887
3193107
3220045
3232745
3220530
3233667
3253977
3207973
3235165
3239000
3248932
3193685
3233839
3203810
3222180
3191773
3197344
3199365
3232723
3205071
3213154
3222036
3187888
3233891
3237247
3253083
3183305
3214385
3202983
3204876
3222949
3198964
3211255
3232895
3209519
3214816
3233235
3186015
3222245
3267293
3203783
3232143
3241468
3196477
3233231
3245434
3196909
3226129
3252927
3218079
3216606
3207521
3194180
3233654
3250098
3241198
3171704
3222560
3215672
3210607
3243181
3193464
3212218
3240377
3198810
3223545
3183456
3198364
3249947
3157221
3193645
3225950
3253489
3228523
3197592
3218848
3240604
3206823
3202757
3222593
3165809
3204572
3215045
3243925
3184290
3221826
3255823
3188492
3187605
3196510
3234046
3230144
3237008
3201094
3230290
3245078
3170891
3208943
3203843
3245148
3174472
3214385
3251200
3178130
3386385
3198403
3246854
3216712
3238113
3254696
3217702
3227630
3250244
3207483
3203299
3262655
3231440
3218590
3241077
3217746
3263465
3256144
3262026
3241224
3301203
5475018
5463700
5431525
5427922
5441570
5462688
5445902
5431754
5415187
5325518
3654866
3623678
3608772
3625091
3609998
3610695
3612990
3617665
3618698
3611137
3843463
3363555
3334033
3369883
3337984
3352079
3277513
3210848
3557024
3427321
3456758
3398966
3341585
3334328
3245657
3198654
3223150
3247600
3193354
3213704
3220594
3208379
3239207
3176615
3214935
3256714
3188455
3219369
3231880
3199954
3221760
3242208
3195731
3219405
3202527
3233302
3254819
3249203
3218427
3224189
3231488
3185657
3219333
3247013
3195879
3234514
3251202
3213874
3221319
3232431
3192655
3227848
3210889
3198598
3229306
3230699
3215212
3221558
3230563
3195012
3233267
3238040
3236779
3190631
3228701
3210149
3217115
3170972
3191774
3258907
3189852
3218967
3201225
3229055
3254913
3198012
3234916
3244797
3189426
3230595
3261411
3196167
3209108
3239504
3243023
3251356
3204213
3223495
3249107
3172002
3199957
3210943
3208433
3556489
3225567
3188062
3237548
3229917
3204199
3234191
3232092
3184011
3233355
3251985
3207467
3217773
3235032
3227332
3200028
3200688
3214545
3236536
3210962
3235338
3247101
3191635
3236823
3235739
3188102
3250624
3231802
3210672
3216112
3264368
3273228
3194859
3213948
3209977
3178470
3233215
3197423
3200984
3192779
3226968
3211238
3225370
3228546
3189201
3233447
3221179
3166961
3204414
3203506
3240960
3236267
3186072
3225027
3242207
3183911
3218128
3187575
3211210
3242577
3215527
3216113
3238243
3170187
3245394
3250872
3185023
3203397
3190194
3236447
3191772
3195881
3214414
3225249
3245273
3214937
3219577
3223017
3224264
3180054
3209575
3197048
3224489
3218309
3176846
3227664
3233796
3182804
3200110
3215631
3209820
3191934
3219772
3223375
3168927
3218747
3205801
3207735
3249914
3199658
3235102
3226839
3191516
3207722
3198706
3218044
3238916
3198637
3221928
3250229
3212215
3200955
3187339
3217755
3249859
3168300
3224498
3191185
3245500
3237348
3201843
3211366
3236007
3194241
3220902
3249672
3204263
3240325
3240082
3199078
3215628
3267725
3191938
3206351
3184233
3219518
3233056
3196901
3218692
3240780
3233981
3214034
3236758
3209532
3225939
3245487
3206138
3230666
3183005
3216897
3209506
3189774
3206140
3246029
3208723
3209361
3188357
3226120
3263755
3195494
3238237
3180386
3241387
3240032
3199307
3219248
3256147
3213341
3226463
3245186
3206728
3231680
3232645
3215236
3204642
3257376
3193102
3234880
3230623
3191735
3229517
3249484
3186971
3230233
3227732
3207403
3217237
3172228
3228546
3230734
3196698
3221512
3228852
3223307
3218656
3251788
3191671
3230035
3227441
3168016
3233072
3197951
3234792
3238465
3251669
3202767
3238980
3228959
3206609
3235672
3252325
3201714
3212963
3262178
3216943
3239703
3234190
3238540
3202497
3270544
3244683
3190359
3230565
3207130
3207229
3234889
3197708
3226655
3245215
3208779
3226165
3234379
3198699
3224755
3227175
3208846
3262870
3253594
3201931
3228429
3263717
3182569
3211386
3262078
3224718
3226490
3235389
3207053
3234332
3230113
3199872
3228274
3192286
3220282
3239322
3201616
3193397
3180319
3221424
3243071
3164001
3197817
3192589
3243382
3242717
3203622
3220636
3248554
3180351
3221809
3244464
3179069
3209199
3187370
3210375
3241704
3220119
3232207
3192968
3203413
3238672
3263150
3211937
3195070
3227500
3202430
3215786
3190315
3230183
3260477
3242458
3201736
3232715
3250054
3207900
3222341
3209431
3193616
3218374
3253256
3200314
3225891
3224821
3193227
3230509
3166291
3241074
3254720
3205550
3248535
3235678
3218986
3235971
3237545
3206504
3203878
3198073
3209090
3243619
3197339
3206555
3254607
3175723
3219573
3197390
3213302
3226277
3177532
3211662
3206786
3213073
3247511
3191399
3225180
3257256
3235333
3195881
3203926
3221631
3202814
3213262
3158706
3216966
3197194
3204674
3209075
3189191
3203869
3202363
3216178
3218045
3190316
3237985
3240255
3207497
3204232
3194217
3223300
3243834
3239359
3206049
3215058
3187527
3219486
3254403
3181509
3235811
3235945
3205936
3212984
3238138
3181020
3218343
3189377
3224561
3232208
3170258
3218044
3197850
3231109
3216465
3178603
3228963
3228267
3211930
3226953
3188638
3211299
3209001
3201045
3216189
3237953
3193535
3293899
3270155
3261158
3257550
3201315
3214007
3230205
3207595
3227820
3223654
3183743
3220253
3285798
3199179
3206760
3251744
3206345
3397195
3349709
3310726
3365809
3356079
3357059
3350140
3365969
3352162
3320273
3316869
3377509
3320195
3296797
3332250
3324083
3335296
3359886
3336943
3339124
3331844
3346969
3364635
3317357
3294838
3332710
3352516
3355460
3332579
3355474
3330123
3479796
5522022
5480548
5434868
5448109
5452619
5448591
5447216
5467005
5491282
5395689
3112403
3241368
3201357
3221749
3274797
3248401
3197653
3207425
3243566
3209398
3437569
3358746
3687550
3269801
3269204
3198012
3217024
3244221
3209331
3198692
3233419
3174269
3230537
3237296
3194353
3223028
3252879
3255801
3219980
3226102
3230988
3262259
3183129
3188830
3178401
3304956
3229035
3242515
3196412
3230038
3234824
3207452
3301166
3212483
3240167
3193313
3210445
3229779
3177269
3207601
3234385
3191395
3223833
3223017
3188931
3232179
3237422
3198753
3220658
3232920
3194684
3240368
3235157
3236735
3207197
3213080
3242007
3211055
3221022
3234012
3187131
3236708
3224313
3205344
3221240
3230315
3241609
3184808
3228140
3242894
3188399
3303749
3338766
3193300
3217787
3172152
3229155
3213715
3214859
3207509
3202348
3227317
3246535
3189801
3224231
3239354
3193417
3225338
3239506
3199149
3223603
3242509
3179317
3210689
3230176
3214476
3216367
3234207
3189774
3231728
3243789
3186373
3225728
3186800
3227460
3260763
3194613
3215094
3245850
3204350
3208673
3242212
3200918
3217929
3189208
3221762
3257393
3211514
3211288
3239295
3204663
3242322
3231931
3254187
3200241
3220536
3237964
3196918
3207847
3230052
3219243
3215502
3233887
3192462
3226459
3232090
3203791
3228881
3234370
3189550
3227683
3230824
3189175
3240855
3287726
3239803
3197127
3230830
3232189
3190443
3227522
3174868
3261912
3237757
3189431
3227521
3199668
3223255
3220811
3197824
3252713
3237255
3227122
3192396
3211370
3255280
3196663
3217093
3241544
3203874
3212619
3189122
3220992
3221795
3206815
3199882
3190630
3220169
3234545
3217276
3233192
3187364
3205189
3242228
3182493
3237540
3222810
3199063
3234515
3189554
3203460
3249325
3188158
3215032
3195393
3213505
3237755
3204404
3207659
3233151
3185469
3227336
3226031
3187949
3218951
3256775
3207801
3218499
3218876
3199147
3227277
3173808
3189623
3187932
3209882
3181043
3229510
3240865
3195707
3228688
3196010
3201179
3244402
3200840
3227094
3197136
3191638
3198095
3196157
3199956
3206531
3178086
3222427
3227000
3178904
3217893
3223715
3183445
3207548
9749068
3532319
3512267
3491709
3452901
3414211
3520498
3465652
3392422
3345583
3347882
3357629
3339420
3328256
3313100
3366622
3361115
3331437
3363419
3339805
3327712
3334873
3361360
3348727
3333864
3322210
3360044
3334190
3334258
3327890
3328845
3307598
3375275
3344863
3335895
3311725
3370046
3317605
3336561
3313104
3368934
3347532
3319400
3315563
3350769
3341578
3337075
3315866
3360726
3331681
3329093
3323261
3292021
3333134
3363792
3331710
3334730
3365749
3324635
3331070
3327117
3355601
3346487
3319678
3307898
3363863
3349874
3336305
3324601
3371402
3348825
3330977
3325902
3372758
3328131
3339705
3325496
3351636
3336236
3319254
3318873
3325885
3373269
3350382
3315974
3321644
3360476
3350004
3335199
3316804
3365558
3341804
3322974
3317050
3314701
3366582
3336541
3325722
3365188
3344230
3318763
3309773
3367225
3351538
3325525
3327170
3323728
3308742
3370808
3330242
3315605
3296270
3340360
3362631
3336728
3324109
3307106
3362404
3373663
3318837
3378908
3339153
3345337
3364508
3340938
3336262
3360439
3338480
3320537
3319506
3367773
3345641
3337972
3366884
3342709
3339497
3330300
3321718
3327387
3350078
3339769
3326325
3379328
3353084
3315156
3371475
11103985
3423265
3281231
3282815
3259124
3361186
3291093
3500852
3646946
4742698
4128540
3330364
3420552
3354053
3331964
3349471
3348363
3332206
3311337
3331214
3311156
3355695
3346685
3329522
3306043
3366727
3330198
3329649
3319407
3308493
3349343
3344384
3334316
3314683
3329256
3358144
3327309
3348908
3401876
3420291
3396687
3328756
3323770
3375674
3338117
3315230
3308538
3307479
3378591
3359365
3327839
3356117
3364045
3303991
3310250
3343288
3326241
3363152
3350801
3315328
3286261
3335196
3324620
3355813
3343517
3305484
3310071
3384487
3330320
3334408
3347824
3305211
3363768
3355431
3339057
3331301
3330873
3327030
3350932
3299493
3329671
3361857
3353786
3331024
3283382
3308003
3377072
3364043
3313044
3288199
3360043
3330733
3349160
3361917
3317849
3313526
3368233
3351354
3311281
3311029
3363348
3348359
3337360
3366121
3350046
3343753
3298105
3307661
3381759
3344487
3341311
3294480
3329666
3330161
3373836
3367967
3345182
3358018
3339528
3324604
3336062
3311415
3350206
3335340
3347193
3367748
3364455
3324210
3326468
3309217
3329245
3322955
3329224
3306205
3320524
3338685
3328411
3339016
3333732
3381206
3338610
3340549
3321017
3316471
3363633
3371266
3319045
3321172
3394042
3441057
5446882
5460417
5470462
5459377
5420357
5413463
5468299
5461265
5423517
5458968
3893316
3649434
3636674
3971275
3335485
3384098
3328914
3329461
3325123
3375051
3353361
3344545
3379315
3348111
3333707
3320149
3368815
3345236
3324640
3386016
3349999
3316907
3350317
3334989
3336757
3329904
3288860
3313113
3375653
3339567
3340099
3333003
3366042
3335972
3340156
3309235
3362256
3337748
3341359
3341239
3327576
3358396
3338240
3342476
3338697
3365771
3332673
3340938
3375399
3348205
3335691
3340589
3356309
3332819
3344169
3373031
3354841
3333024
3294918
3324997
3361376
3336850
3354167
3373636
3349093
3338694
3303578
3362569
3374528
3309747
3327949
3383082
3341823
3316499
3369565
3349254
3313676
3322029
3375273
3343463
3313745
3322701
3326144
3366395
3352967
3355658
3346967
3357136
3357062
3333964
3324043
3367647
3334824
3342517
3309717
3356863
3340032
3334692
3347728
3360622
3337963
3309330
3340738
3297114
3356986
3361249
3320479
3319133
3360457
3320323
3332553
3353943
3354588
3334303
3356623
3375657
3350098
3320240
3316384
3332203
3349242
3346913
3317340
3296863
3300876
3326264
3328765
3349548
3352117
3311558
3320226
3307445
3359083
3329601
3295580
3202475
3230006
3201169
3205452
3257784
3187941
3218879
3216716
3195004
3229990
3192682
3221446
3250280
3186823
3219498
3250194
3185653
3240003
3227587
3194532
3207584
3190567
3238612
3217830
3171885
3234900
3213629
3227081
3239493
3195606
3231891
3249393
3191127
3215161
3188777
3227281
3206800
3197104
3228869
3259672
3165169
3200868
3222896
3188100
3250721
3214935
3209521
3238039
3237620
3204807
3195095
3241257
3202670
3233223
3243992
3191548
3220481
3240482
3200083
3233093
3188288
3188827
3148660
3246339
3201020
3222232
3246344
3214311
3220146
3221255
3224498
3215731
3214984
3240516
3200625
3231844
3252017
3195179
3237031
3234945
3218628
3206895
3227508
3246745
3211602
3227863
3238393
3211948
3247607
3236872
3194730
3188842
3164189
3217941
3261638
3159318
3229309
3246315
3213276
3236139
3242889
3179655
3190668
3206274
3214819
3238834
3207260
3214676
3248073
3211516
3220404
3254993
3165500
3226684
3185288
3225930
3234927
3178779
3215208
3188298
3213511
3237310
3240042
3204336
3213263
3223006
3172292
3211341
3215890
3243197
3232316
3161203
3212055
3180873
3202305
3173959
3226851
3186267
3227549
3239951
3206585
3231884
3242511
3192846
3185799
3189117
3228383
3245838
3214330
3184788
3239352
3185503
3231020
3233423
3198513
3228261
3195875
3241011
3161685
3217400
3243711
3184996
3214503
3191909
3209744
3225245
3217462
3231771
3176480
3215570
3251001
3208049
3214652
3172994
3220785
3223292
3199665
3226591
3213255
3210809
3195110
3216066
3240366
3243935
3209565
3187811
3204911
3214295
3243444
3211910
3209910
3226271
3191514
3235046
3232504
3191875
3213755
3187223
3237812
3230702
3190291
3207046
3237792
3165327
3214163
3188099
3227165
3263595
3211387
3218381
3237482
3216273
3214888
3241256
3189957
3241954
3216450
3175901
3216334
3191616
3204901
3166651
3210929
3187984
3205629
3229659
3160817
3227219
3178199
3197112
3199067
3238313
3232919
3201466
3237166
3245607
3196802
3217459
3260332
3215235
3197054
3239728
3194346
3234038
3257274
3193574
3227749
3232676
3215850
3215939
3228125
3211721
3219282
3177778
3225202
3232710
3213515
3250477
3213701
3226289
3191832
3227551
3169981
3202901
3224412
3204884
3213866
3172157
3214398
3202817
3243453
3189995
3210050
3231264
3197796
3261084
3205328
3217014
3227483
3217738
3201455
3232043
3196576
3219562
3209205
3212655
3199114
3192135
3230399
3228749
3178237
3221454
3237899
3224288
3216894
3235792
3194500
3240475
3224955
3191766
3216627
3224353
3206393
3219127
3230157
3187731
3242220
3246072
3203402
3223739
3212147
3233368
3229205
3197032
3241157
3244523
3201359
3231489
3253949
3212006
3195993
3243495
3186940
3229633
3195380
3189072
3246851
3203591
3235874
3233445
3187913
3222096
3198540
3213135
3227729
3194177
3237782
3241563
3200530
3234685
3231064
3184064
3234084
3232167
3191693
3202811
3230330
3194318
3228106
3239712
3225003
3220402
3215972
3203308
3225950
3236882
3183765
3221050
3264567
3196787
3201574
3210031
3198848
3246636
3208241
3212975
3226291
3211012
3237006
3193239
3220416
3218254
3187939
3221163
3165194
3222609
3191825
3205515
3241581
3196826
3225694
3242401
3179481
3216601
3180821
3183870
3197270
3228150
3217567
3180594
3217574
3179128
3222013
3245993
3189272
3214751
3237761
3199519
3218116
3184796
3215377
3239538
3180630
3233169
3242365
3198897
3212510
3235515
3194063
3279022
5384662
5386398
5369276
5450970
5470252
5469036
5457814
5991661
5428222
3481999
3288306
3274622
3305105
3271447
3297363
3277287
3325349
3289515
3356641
3309927
3281193
3291671
3282756
3335893
3295902
3291109
3369615
3302438
3273632
3271741
3271147
3279951
3325144
3322316
3285207
3271278
3278247
3277133
3284633
3273879
3336517
3251253
3253682
3271488
3283893
3312455
3283657
3301680
3284428
3293241
3276165
3298685
3289773
3339016
3292142
3282414
3277678
3262777
3255416
3279070
3334880
3282722
3312045
3257762
3241210
3244196
3246079
3515053
3322085
3277791
3278942
3247899
3213045
3265560
3268153
3253131
3300256
3472430
3383191
3325832
3318323
3339156
3317073
3286997
3202908
3254432
3210209
3217858
3264250
3252301
3204922
3221662
3235823
3194118
3218413
3256838
3221274
3208576
3218902
3226918
3218053
3183293
3211424
3183522
3236995
3254160
3192230
3243392
3244397
3191241
3242879
3249885
3215578
3222061
3235764
3192037
3229638
3198737
3215683
3250577
3186533
3229660
3200342
3214200
3235886
3190425
3245470
3249117
3194409
3222648
3248905
3196328
3218090
3247723
3201446
3212275
3240445
3221571
3210302
3242825
3254940
3203246
3219397
3263789
3280945
3255381
3191603
3233248
3245361
3197870
3218940
3263475
3188435
3225673
3210503
3254670
3224445
3198031
3195639
3208914
3226649
3263878
3258878
3218059
3230107
3208642
3181594
3228378
3201215
3223943
3245646
3191686
3218010
3261059
3218756
3198803
3243513
3259992
3253179
3196687
3211969
3257844
3201723
3209917
3186028
3227727
3256128
3244312
3200153
3224497
3239312
3161914
3217421
3212665
3221156
3243905
3219826
3218863
3228897
3215483
3229442
3181713
3227326
3267457
3200806
3228671
3236318
3194666
3201367
3219518
3218402
3197095
3248590
3206467
3199460
3197819
3189061
3250760
3195704
3244673
3246349
3208515
3225270
3229960
3250678
3217429
3221371
3248458
3195197
3231508
3240311
3181755
3240756
3216454
3232693
3234778
3203996
3215304
3255092
3209957
3199389
3230727
3176595
3224398
3267390
3240607
3201737
3235415
3236660
3181837
3212973
3213360
3237657
3226872
3183800
3216774
3235911
3207424
3234934
3219563
3240707
3257373
3248193
3192725
3221291
3212219
3225974
3247554
3187586
3232518
3224974
3190704
3219638
3238836
3227467
3235886
3193795
3215939
3277348
3164970
3214794
3258010
3213262
3244418
3259567
3200442
3216443
3254084
3250861
3202460
3223936
3259914
3234960
3203931
3237335
3253046
3177705
3233608
3207579
3214136
3232293
3192747
3221716
3248134
3216192
3228137
3220980
3160923
3208009
3173104
3223675
3232499
3240593
3254432
3245494
3232159
3243324
3181783
3230950
3252275
3182494
3204177
3245450
3215792
3235097
3199595
3193517
3217766
3161367
3207169
3242393
3221552
3204028
3228784
3386104
3252769
3207321
3217234
3224942
3207963
3213153
3177043
3227651
3204933
3206759
3237772
3264107
3242374
3216793
3225221
3207558
3194387
3224193
3239977
3191516
3214868
3235573
3192287
3216975
3254666
3211300
3238192
3244559
3262062
3220992
3329383
3244102
3239303
3251975
3215986
3193739
3264507
3252540
3190141
3230375
3258753
3197234
3234910
3239293
3183617
3212246
3255548
3184161
3234817
3245333
3198972
3248555
3213444
3198784
3240653
3248377
3188900
3228254
3194442
3219684
3245929
3194618
3210348
3244078
3194492
3240697
3238785
3233976
3231777
3227015
3219632
3193711
3214204
3247892
3200005
3204685
3231111
3188117
3217966
3268239
3208525
3220744
3245028
3200169
3230733
3262900
3193211
3225479
3232504
3165916
3241062
3244971
3165722
3207685
3166822
3236470
3195392
3222818
3253235
3264952
3184834
3221622
3241661
3222714
3190203
3204541
3209839
3233828
3212484
3182190
3229203
3216783
3210197
3246801
3182337
3213373
3182483
3223929
3253737
3180029
3222316
3230536
3201477
3200206
3190409
3206050
3250086
3201562
3209727
3235819
3190972
3216375
3227309
3201677
3229722
3255429
3194151
3258037
3237724
3213803
3205149
3206926
3206411
3228698
3263538
3262699
3189024
3238719
3246198
3209110
3211465
3242908
3223209
3225360
3222407
3202731
3202978
3263272
3202225
3211962
3238555
3172839
3231100
3196486
3268276
3258529
3205682
3212741
3227549
3197272
3223243
3239301
3248529
3241028
3220685
3222883
3231497
3221215
3234172
3210288
3185062
3241802
3226435
3177142
3236157
3203869
3211120
3178368
3220655
3222394
3171173
3234932
3199640
3223311
3232437
3192795
3237330
3260881
3164404
3226580
3241877
3202180
3226704
3243707
3194088
3223850
3243992
3193617
3213993
3212376
3217500
3233406
3159781
3205962
3214128
3240664
3245912
3178312
3208432
3323847
5378065
5270639
5329367
5480493
5465399
5465919
5461207
5487730
5958426
4992729
3347516
3365316
3242712
3223191
3239146
3319251
3260898
3271652
3259418
3216336
3236365
3231838
3284971
3195286
3294554
3347021
3298381
3227821
3248446
3266178
3206640
3204561
3251293
3211540
3203367
3242985
3207159
3230797
3253131
3195087
3218125
3236965
3198431
3245151
3230636
3224610
3220256
3247228
3254876
3205173
3240457
3244952
3212019
3244572
3261449
3204694
3253248
3229565
3177905
3226736
3246695
3174080
3225406
3236316
3215520
3216653
3192373
3212675
3253871
3190224
3224749
3245573
3192834
3196499
3208102
3226343
3248299
3220516
3206265
3218542
3191166
3263102
3214701
3218642
3240442
3223877
3238171
3234143
3393982
3230992
3260183
3228499
3187424
3197459
3188161
3229316
3237732
3196322
3237450
3216950
3201795
3216881
3247207
3219697
3203452
3240559
3217891
3232966
3244637
3237976
3204509
3250954
3265240
3225093
3227615
3248390
3200928
3210380
3204986
3235079
3216051
3249224
3222934
3260636
3228196
3219679
3238810
3208541
3224294
3228913
3200137
3242914
3241861
3197016
3198595
3216016
3213782
3179934
3212809
3224763
3205874
3227756
3240831
3202088
3212966
3254042
3200678
3229671
3248223
3247996
3204002
3215915
3250991
3197116
3228393
3214913
3224522
3217619
3260056
3198577
3201580
3197347
3220205
3268254
3208444
3225587
3211289
3236834
3220155
3228650
3196901
3230606
3253725
3244542
3205280
3216754
3270951
3192893
3221418
3242206
3194079
3235174
3194673
3214785
3204455
3215450
3211940
3198677
3224879
3237418
3255164
3195150
3236519
3249130
3205919
3218004
3240789
3181505
3232249
3205736
3215840
3250320
3203186
3221885
3235616
3188410
3230551
3260888
3243415
3204776
3207814
3245760
3201136
3226872
3234597
3162935
3228020
3262516
3207112
3215694
3258774
3239851
3194277
3233500
3219658
3218261
3248550
3172319
3220501
3200842
3217249
3237244
3191270
3248439
3231601
3196526
3236038
3254327
3182255
3227104
3194315
3246633
3256628
3181375
3238940
3250677
3240209
3193413
3245913
3181015
3199459
3218260
3227529
3224927
3198328
3252810
3251502
3206657
3218898
3259102
3244690
3205849
3248567
3240912
3198367
3212866
3229065
3208917
3193207
3206566
3198627
3250625
3219835
3181600
3222362
3210121
3216255
3234838
3233705
3231965
3243987
3261733
3242329
3195062
3238247
3242816
3212128
3215930
3240166
3215483
3194177
3221071
3254101
3202798
3230449
3234181
3212420
3212447
3200751
3236106
3220496
3200023
3192701
3259937
3186615
3241116
3257874
3258555
3201920
3215245
3240663
3198797
3215154
3194389
3220514
3250599
3177508
3230723
3245489
3194009
3240679
3244899
3179496
3224457
3226089
3231028
3203583
3209766
3214972
3211094
3235155
3201562
3222783
3189715
3244240
3233934
3240625
3214436
3236714
3250463
3225293
3206672
3224554
3269281
3184307
3230784
3185700
3225403
3235448
3199295
3232299
3229881
3188448
3217618
3239121
3183031
3236359
3248813
3249238
3202940
3235053
3219132
3219259
3216246
3228792
3197847
3224926
3260854
3221808
3225942
3242864
3280270
3270217
3206708
3221707
3230593
3207791
3250246
3245638
3197518
3234938
3236415
3218705
3202732
3225021
3240003
3191042
3191986
3193865
3210165
3209459
3182226
3250900
3205399
3233308
3226713
3210295
3215275
3230440
3191635
3220124
3236283
3206841
3219676
3210810
3360590
3249068
3264242
3192812
3221310
3234597
3218002
3226056
3244134
3196289
3236660
3234009
3215498
3230718
3244388
3204745
3202578
3190247
3232275
3240152
3220758
3219990
3234829
3208319
3222491
3265649
3200703
3236234
3238163
3201600
3248000
3251779
3249780
3238455
3196115
3247503
3255080
3193398
3220283
3220959
3226249
3217484
3201223
3230238
3250434
3262230
3170442
3218395
3247591
3198617
3235545
3244406
3189157
3233705
3227602
3204352
3214654
3238734
3169220
3249009
3229791
3250987
3201730
3231742
3234032
3206359
3244560
3235688
3202854
3215305
3228447
3175464
3229869
3187049
3240367
3270719
3207557
3219208
3273158
3297373
3228262
3190064
3218406
3253204
3243098
3196777
3227124
3193424
3238905
3231300
3170283
3225427
3256535
3233308
3201947
3235622
3215834
3227589
3230536
3246442
3193015
3241592
3186364
3223296
3258000
3225813
3209169
3223265
3231828
3196674
3232909
3231158
3188623
3220793
3226204
3207482
3241422
3241476
3183579
3253218
3251200
3207998
3224591
3232675
3184072
3214578
3243747
3211752
3238488
3191489
3225520
3248755
3209912
3220975
3202402
3209940
3257471
3253051
3183325
3237912
3238398
3186441
3230385
3237890
3227910
3222516
3238243
3180429
3243239
3343874
5532989
5496852
5426315
5400325
5418697
5432388
5415545
5335806
5416195
5420373
4041570
3616352
3622045
3609396
3608497
3608196
3615999
3609565
3637386
3597170
3626093
3603961
3594878
3574638
3608478
3986887
3562376
3478255
3454180
3436338
3429410
3424258
3410731
3459003
3423679
3321773
3338756
3370448
3346702
3332833
3312477
3356559
3348153
3349713
3326189
3338794
3349318
3340906
3305706
3298169
3317547
3332905
3354393
3329467
3315170
3313374
3347733
3353918
3334885
3350746
3346560
3320574
3357578
3302187
3324783
3324677
3369969
3331290
3354049
3314467
3373351
3356106
3316403
3369043
3355593
3324899
3340337
3372807
3349692
3351600
3293104
3320343
3320618
3343487
3307368
3325675
3326633
3311401
3320158
3311318
3362485
3344882
3310922
3310122
3373617
3324749
3328046
3344380
3292845
3307420
3321919
3365700
3357725
3340494
3313739
3377119
3379099
3365375
3348507
3346095
3355686
3364691
3334309
3297233
3298422
3323026
3368360
3346487
3308098
3329848
3297002
3364618
3348754
3341558
3347955
3341272
3367829
3317353
3350875
3350497
3316879
3316085
3322205
3330360
3367778
3338768
3345477
3372909
3346361
3306537
3329053
3362651
3353764
3360875
3322096
3324185
3369719
3330538
3318942
3340081
3342300
3341551
3334642
3369988
3338966
3332328
3313048
3385780
3341737
3338169
3359859
3355015
3330345
3318000
3309443
3359132
3369283
3318240
3339474
3312330
3364397
3342340
3347853
3306403
3315109
3349361
3359935
3336753
3322336
3390473
3330008
3361480
3323173
3332389
3374537
3313969
3326509
3362087
3341133
3359718
3328787
3366876
3344506
3323280
3309287
3334518
3353512
3357208
3312740
3307535
3325049
3353761
3338946
3338158
3322155
3356772
3339518
3373118
3368968
3321068
3322790
3343933
3313155
3374766
3348382
3351954
3293649
3318447
3380763
3328913
3325257
3324675
3323344
3357087
3363410
3339414
3307507
3327133
3359367
3331691
3337310
3328639
3318104
3341299
3349483
3350164
3361513
3364718
3591226
3313478
3324116
3338047
3364490
3349026
3328905
3319622
3328542
3359723
3330690
3328268
3360744
3319078
3332263
3306445
3311870
3387849
3336795
3305180
3335291
3371576
3331735
3345158
3376545
3348449
3332651
3357359
3340959
3355684
3352769
3359191
3353221
3331341
3350646
3365917
3348517
3319037
3360815
3340337
3322213
3363113
3346953
3340740
3329914
3308395
3389652
3330701
3329495
3357380
3361667
3354075
3338095
3804518
3336200
3331437
3322106
3335454
3349935
3361311
3342130
3334881
3361932
3335692
3348251
3292776
3305307
3356718
3228225
3214101
3219264
3234510
3219270
3213276
3226140
3169445
3212386
3246493
3191622
3230198
3219318
3227222
3226867
3224566
3204981
3225870
3215791
3216267
3238561
3213741
3186928
3236274
3213697
3227122
3199303
3224885
3239286
3249491
3231107
3221769
3235319
3193111
3208825
3247007
3206056
3225514
3245365
3173660
3188932
3193323
3216070
3250390
3170455
3210494
3180586
3240639
3259433
3172012
3200197
3236953
3203043
3233267
3189796
3212781
3243404
3217124
3201458
3184113
3206014
3214326
3213347
3221780
3216414
3200629
3251854
3193737
3217170
3233975
3215773
3201567
3239280
3214996
3223324
3198255
3217826
3230985
3205917
3226171
3212615
3220237
3256904
3224333
3234898
3182061
3224304
3191261
3253817
3195607
3211893
3238384
3198565
3225310
3254818
3179554
3226686
3240529
3166441
3224787
3194506
3224014
3196482
3225857
3262225
3197888
3215273
3253582
3188521
3223457
3243199
3222350
3209977
3237660
3216921
3204288
3208160
3207039
3227160
3200860
3229018
3254279
3201955
3213715
3176129
3203495
3223253
3183755
3253269
3238050
3188519
3230850
3205735
3231513
3223529
3222673
3206960
3240418
3160371
3267267
3240614
3188591
3220622
3249394
3209738
3210606
3241561
3199559
3209764
3229475
3175560
3219702
3202450
3215601
3182808
3219172
3200851
3198597
3241371
3187487
3215697
3247204
3203754
3214229
3231687
3187658
3227637
3184061
3230432
3245147
3194256
3222491
3165234
3219114
3249681
3179088
3244939
3199465
3238414
3259013
3196829
3212910
3204372
3198885
3215921
3198003
3201551
3244863
3184203
3222365
3247872
3170329
3217525
3187422
3240494
3156651
3224437
3181983
3226798
3243272
3223665
3209234
3190031
3177117
3229196
3217230
3175801
3235079
3208390
3201906
3242341
3187253
3228463
3231101
3206191
3214616
3222952
3198717
3234442
3256397
3197755
3218208
3238129
3207237
3199514
3246000
3221239
3218952
3191114
3220466
3241392
3192855
3231718
3243080
3201059
3197624
3250569
3189105
3214088
3241108
3215252
3237637
3231629
3207124
3246592
3249177
3190406
3206551
3295357
5415912
5395596
5368036
5367173
5399327
5377895
5339572
5372885
5378636
5326577
3968121
3630756
3893633
3384196
3337384
3362403
3343216
3352933
3312131
3382503
3363271
3304734
3318471
3353749
3347955
3350019
3340944
3369113
3332549
3342243
3290270
3306077
3319224
3341435
3349422
3348693
3356230
3340282
3360546
3316109
3287006
3245713
3219738
3223558
3204817
3230694
3223537
3202298
3218329
3181096
3196020
3238122
3190528
3236796
3189866
3209902
3241263
3180656
3253656
3255942
3175758
3220196
3202792
3210709
3237148
3184759
3216233
3235211
3219324
3243983
3240221
3190288
3230301
3246489
3186431
3228413
3260684
3189410
3224404
3238451
3209044
3211837
3189294
3217372
3248311
3217316
3221584
3231224
3215814
3213669
3204826
3225474
3215744
3194534
3215052
3173173
3216258
3184192
3232877
3261989
3189359
3213588
3238468
3199493
3219980
3251898
3161586
3233533
3194407
3213049
3244139
3194599
3246454
3214750
3205494
3223846
3204983
3229974
3248474
3200664
3212316
3244914
3195161
3244577
3244060
3190545
3218283
3226843
3196097
3221337
3267848
3228175
3194772
3207314
3209091
3219050
3232919
3214413
3218091
3210235
3221879
3255927
3199047
3234187
3243041
3187321
3217899
3237435
3209129
3221664
3229808
3203814
3229851
3241853
3245321
3208280
3230196
3205443
3206840
3231425
3198072
3241971
3241407
3238803
3204367
3264435
3231270
3180834
3236750
3218275
3205226
3167058
3226415
3204586
3218180
3246337
3248112
3208140
3209559
3214324
3202688
3228056
3173155
3216222
3170915
3211521
3198130
3206388
3200192
3209228
3227215
3176175
3233806
3241084
3191222
3188617
3196916
3232140
3231871
3192218
3233861
3171149
3227635
3245639
3191515
3177413
3216125
3217628
3229545
3182712
3232640
3188056
3221523
3193826
3221567
3251373
3204565
3205231
3205700
3204890
3243239
3225831
3186229
3230313
3216900
3212269
3233125
3196837
3242094
3175958
3228797
3183815
3224099
3264645
3171829
3234365
3234581
3188232
3227919
3219290
3194318
3228657
3260989
3192358
3214537
3241919
3201412
3225294
3225088
3203133
3210814
3239140
3169170
3214199
3169378
3231505
3261066
3186337
3232392
3210882
3232869
3248654
3193784
3227233
3250304
3189613
3207229
3247011
3202744
3211243
3181519
3215099
3237700
3200437
3249219
3248780
3193459
3233308
3251011
3248886
3209288
3234683
3218660
3206236
3242457
3211250
3216800
3195084
3206177
3238429
3200063
3222675
3235647
3238088
3231517
3214885
3222897
3221464
3192119
3234044
3191926
3198479
3222884
3226699
3215686
3176383
3216022
3236757
3189323
3220086
3234303
3208751
3239519
3219794
3192171
3229302
3199357
3241887
3257551
3201809
3230580
3263030
3178209
3199655
3189402
3211253
3242433
3183616
3210182
3193517
3214919
3228523
3188266
3217218
3230388
3216210
3214843
3223543
3228225
3226219
3199574
3220407
3187676
3230609
3229981
3168471
3191266
3193242
3211465
3250151
3167984
3198214
3182390
3188135
3217945
3195483
3225699
3213130
3271985
3237407
3207764
3206470
3243391
3203699
3218144
3228370
3189860
3203227
3209609
3216967
3235676
3162298
3197511
3178114
3186847
3187909
3218089
3224391
3214905
3239887
3185515
3220590
3228759
3197468
3215903
3190121
3208945
3231080
3190889
3238095
3178289
3198279
3185511
3210982
3239369
3185855
3228776
3196743
3232451
3219802
3201978
3221883
3199913
3235506
3253300
3184674
3224760
3243634
3180055
3229905
3189775
3245901
3247661
3221435
3215448
3210789
3205327
3236441
3250681
3195821
3209316
3236175
3217665
3217489
3217182
3189968
3233391
3197100
3193743
3198309
3223560
3231626
3193176
3232110
3189253
3234768
3220492
3208296
3248022
3486503
3451712
3594548
3431439
3493787
3377786
3830825
3354054
3226415
3231674
3231705
3198291
3225539
3246985
3197665
3209965
3242383
3196485
3225366
3249824
3206922
3223353
3231215
3212697
3233231
3244750
3189272
3212607
3249187
3239616
3236543
3234314
3247114
3187206
3232196
3244667
3191612
3216807
3238563
3201947
3213921
3201635
3214776
3210558
3189722
3216470
3241581
3207304
3228872
3234514
3192236
3222949
3264156
3227920
3215696
3236650
3223732
3198264
3180517
3206182
3201552
3228114
3219473
3168839
3221670
3219468
3217333
3250829
3210412
3210584
3250430
3206625
3232969
3245054
3198455
3242226
3230378
3233038
3243354
3229868
3184946
3219422
3248505
3221614
3235206
3236847
3208308
3249969
3243145
3180632
3228943
3247362
3193635
3233881
3256348
3221536
3218119
3388866
3201754
3259995
3248138
3193273
3220251
3201703
3226909
3227959
3198831
3216197
3243234
3213173
3213425
3254034
3221681
3195938
3213328
3287937
5337122
5324914
5367261
5396500
5423842
5432948
5422857
5427321
5452448
5418248
3650409
3175878
3225233
3235195
3245375
3216181
3239253
3249266
3197117
3235173
3192799
3240588
3247887
3257781
3206704
3239725
3201509
3205815
3231954
3269784
3242307
3219508
3250637
3254635
3253437
3184224
3239620
3256821
3249192
3222059
3220973
3236797
3186735
3216348
3248130
3192513
3260338
3236475
3245064
3212256
3226841
3230457
3199412
3234437
3246567
3206117
3219025
3242192
3231188
3235493
3229851
3247149
3189854
3203088
3169997
3216503
3198061
3213428
3247038
3163083
3218581
3193087
3236596
3271639
3204568
3213657
3196387
3246774
3223846
3248571
3203451
3224537
3215262
3207811
3247861
3256232
3181496
3226172
3237395
3189829
3225238
3220803
3196539
3233561
3211671
3240293
3223608
3237044
3204720
3236521
3234055
3175840
3254326
3221988
3204484
3229621
3233975
3223606
3221379
3214395
3215564
3246484
3224014
3212198
3233437
3184663
3235451
3234100
3183726
3223238
3212025
3209754
3225872
3194936
3213675
3197778
3193685
3246521
3195722
3226385
3250101
3182533
3222169
3202635
3239555
3242007
3235072
3204938
3236668
3229798
3247283
3185585
3225301
3235238
3165377
3224277
3203334
3244743
3226012
3245525
3210085
3214151
3189174
3228818
3226061
3197703
3226090
3251915
3248842
3197623
3232790
3222804
3199812
3238040
3246692
3198137
3206700
3241930
3205656
3240983
3226030
3226234
3229197
3212441
3220044
3238761
3184264
3227853
3235133
3208996
3211098
3226461
3224672
3233373
3245471
3216721
3235233
3236016
3193517
3243316
3220874
3199412
3232066
3207953
3202752
3249206
3256323
3203191
3215529
3261195
3237199
3190932
3235272
3223746
3219203
3258353
3240077
3208947
3220680
3243047
3237046
3238039
3253523
3189684
3229409
3256903
3262553
3181342
3218314
3216320
3185759
3226651
3167358
3246942
3191680
3242567
3239969
3198004
3217709
3193369
3217039
3223793
3164694
3245114
3234314
3185425
3217458
3188317
3210961
3241902
3188707
3223887
3251434
3196596
3251710
3246711
3193994
3220093
3243554
3205351
3225640
3263113
3180914
3208009
3184585
3241021
3235498
3194854
3219495
3166654
3247173
3238973
3198140
3198490
3265056
3226519
3209308
3225667
3182382
3213570
3179866
3212911
3253121
3208315
3259614
3230636
3198468
3215161
3149425
3239590
3178515
3206324
3217514
3218167
3251556
3194836
3197297
3251749
3199346
3259801
3241127
3344940
3251254
3216035
3196542
3232808
3211865
3229473
3262910
3253651
3207759
3216295
3180682
3220487
3206701
3223703
3204031
3194728
3201586
3253956
3207417
3249841
3239051
3248775
3193942
3229180
3238597
3171211
3247417
3189627
3230944
3244444
3243244
3214623
3203423
3233664
3195203
3240670
3231427
3202967
3233796
3187534
3206699
3219780
3211091
3243768
3242931
3196363
3218443
3189370
3224584
3207757
3196217
3258900
3206455
3219974
3245466
3198815
3215456
3253052
3201348
3222687
3250944
3187240
3230128
3237483
3196045
3206517
3225478
3198328
3237886
3201141
3226095
3229434
3194649
3242368
3236958
3214521
3226372
3256920
3195169
3245572
3248568
3201850
3212922
3213549
3183222
3219937
3189635
3244522
3220106
3192881
3216291
3238823
3198152
3231327
3230533
3190250
3225081
3171192
3224092
3231324
3198017
3222049
3254727
3204763
3224808
3248918
3196067
3211739
3231484
3193557
3212057
3183846
3229276
3240354
3191250
3220420
3189836
3223607
3237497
3216299
3226107
3226701
3173964
3234728
3222809
3205314
3230325
3194872
3225862
3245315
3212188
3242083
3241187
3224933
3201747
3245472
3251286
3199952
3242944
3249355
3194199
3244143
3248150
3199505
3229960
3257058
3178575
3226849
3243151
3258386
3185815
3228188
3227244
3209163
3213392
3228544
3194254
3252032
3259670
3196118
3212105
3236696
3198985
3240934
3229016
3173565
3231160
3248684
3188460
3228736
3248338
3198621
3207867
3233892
3193590
3228692
3218213
3207556
3225955
3197517
3212524
3215353
3190813
3238170
3240975
3173969
3230437
3233418
3346169
3239674
3189177
3227985
3235646
3207655
3205676
3249590
3196265
3256320
3239276
3190759
3234644
3250738
3166819
3205917
3197696
3240699
3228989
3193379
3237270
3244562
3203385
3238767
3241601
3269203
3218901
3202515
3238492
3194809
3227876
3260685
3256998
3191095
3222757
3247697
3203620
3223169
3207630
3208758
3233862
3205862
3225114
3232692
3263918
3177141
3234150
3246876
3211854
3237931
3249582
3189127
3232745
3244051
3185748
3246987
3246480
3245159
3209328
3252710
3257998
3188179
3222501
3254383
3200495
3238549
3230108
3218475
3231899
3259762
3264884
3211526
3214290
3221062
3257824
5441904
5322133
5366616
5408250
5423382
5411233
5420269
5425617
5433906
5404027
3588419
3162944
3227369
3244635
3211231
3238607
3245060
3205180
3212501
3269036
3202201
3225667
3217915
3216949
3225782
3243830
3210143
3226981
3229655
3188283
3239944
3228731
3192616
3213038
3240434
3209806
3217451
3240005
3174755
3221453
3220878
3221449
3239386
3244315
3242906
3225833
3365770
3195601
3231564
3211228
3207651
3223289
3197718
3204224
3240556
3171280
3198029
3205111
3237514
3229075
3190592
3209565
3256940
3214385
3244849
3217510
3193265
3240804
3222394
3183684
3224993
3254341
3201668
3221094
3244146
3201734
3216680
3244540
3200276
3221753
3200900
3220605
3248673
3195860
3222030
3248554
3172510
3225112
3224296
3224034
3232706
3239716
3177218
3233776
3213385
3203698
3220751
3167881
3244476
3199135
3227616
3196647
3206942
3203471
3202674
3219791
3195337
3245167
3244653
3197219
3235288
3198283
3212039
3229032
3186810
3221706
3262275
3237441
3198658
3240990
3225097
3200069
3222957
3243119
3207514
3197911
3233253
3202238
3215655
3195168
3221178
3235931
3181643
3224575
3248999
3185122
3211594
3232616
3233783
3185139
3224575
3209357
3201227
3221824
3210318
3244804
3174498
3240045
3219272
3168721
3179571
3223134
3208051
3179905
3217534
3203245
3235021
3240943
3188609
3207483
3252622
3174636
3218593
3226010
3176110
3254736
3233203
3186570
3229927
3185999
3230117
3205675
3215369
3232251
3247157
3175607
3201011
3234289
3201040
3229563
3180569
3217326
3228966
3150159
3232775
3179352
3212780
3186087
3196574
3244932
3186860
3219088
3248412
3209455
3214841
3201955
3235768
3244673
3166277
3208933
3190889
3225769
3236464
3204479
3214111
3190040
3236321
3234598
3201953
3193725
3231735
3186330
3225848
3201703
3219049
3249636
3177094
3208760
3247791
3191856
3237915
3200855
3209942
3235368
3198877
3242422
3236394
3161178
3194891
3212553
3224566
3224993
3195025
3223331
3255843
3195503
3220588
3226808
3167525
3214317
3165002
3228881
3195562
3218058
3217757
3206957
3233869
3248540
3190207
3203275
3238921
3191358
3229221
3223232
3254822
3173107
3228414
3234321
3195156
3208985
3204883
3249941
3228261
3209708
3235141
3246887
3161721
3228231
3250058
3197388
3233266
3251687
3216459
3225730
3272354
3193640
3225745
3234559
3267443
3190006
3223141
3206574
3253039
3233805
3232944
3214875
3195924
3231468
3192950
3230195
3237739
3208558
3222913
3247711
3200662
3243953
3251281
3181312
3217759
3166591
3226120
3241181
3203685
3225615
3207999
3213408
3246463
3200110
3223924
3240024
3177993
3225430
3234112
3210948
3192393
3189612
3193308
3186810
3226480
3241937
3244380
3204923
3235696
3243913
3211561
3237003
3264290
3226306
3189238
3242152
3244308
3208201
3230137
3231684
3184061
3261367
3246971
3189657
3231613
3262802
3169154
3212319
3197931
3218884
3256032
3182848
3220692
3192142
3234294
3222849
3243364
3213648
3253854
3242624
3246249
3204553
3222331
3199538
3241315
3207526
3181639
3234378
3223171
3192154
3418686
3209766
3208556
3240413
3194770
3247467
3203630
3205129
3224751
3266315
3162871
3193674
3170074
3220370
3250488
3258645
3189997
3249725
3237764
3380440
3359252
3360245
3338323
3302642
3334083
3370441
3354297
3361235
3378033
3310050
3337711
3389716
3363056
3336897
3306054
3310079
3376505
3362767
3326639
3299864
3320570
3396748
3345568
3328929
3335272
3368023
3352918
3332900
3333298
3316175
3330953
3342762
3342436
3360400
3365695
3337198
3353933
3369816
3213195
3223117
3197599
3229976
3247367
3204636
3195299
3226145
3199317
3214956
3201246
3209888
3240155
3212207
3250820
3265000
3186494
3226876
3284937
3193469
3237903
3246179
3191943
3221605
3166736
3206933
3185893
3256390
3217830
3204239
3230169
3192240
3231160
3250118
3183555
3234082
3239963
3173480
3221609
3235060
3204317
3235490
3229653
3193074
3212452
3193674
3221362
3209809
3172870
3228997
3241316
3174358
3233870
3195438
3208192
3248456
3192732
3232499
3233203
3224773
3217076
3225873
3203352
3255644
3156927
3222457
3190277
3191909
3199305
3239317
3242803
3197551
3227459
3235384
3157488
3221334
3200533
3204830
3205155
3214343
3210245
3222696
3214279
3216729
3186837
3230359
3247353
3187425
3223988
3222935
3181358
3242243
3246362
3188617
3254119
3254851
3196670
3224195
3256207
3200729
3220401
3230918
3180482
3221489
3266247
3197347
3244246
3238439
3211079
3217703
3242808
3203567
3195969
3237366
3191238
3225823
3250387
3190786
3213935
3219370
3220297
3228821
3237412
3208902
3224999
3248962
3215806
3194374
3233072
3197560
3220273
3230644
3394436
5450614
5383349
5407959
5399200
5426669
5382367
5372119
5546441
12059321
30294402
