10176051
2707265
2561454
2549713
2526755
2565699
2501222
2454288
2458213
2458649
2461862
2465668
2455620
2463624
2596232
2585658
2543390
2553211
2557920
2554331
2495449
2464634
2459258
2486516
2451240
2462755
2431132
2476912
2472573
2471553
2476386
2488060
2465569
2460068
2468380
2497647
2458829
2463300
2475923
2503418
2456856
2455533
2476610
2485130
2456304
2426561
2491477
2478867
2460073
2487626
2451416
2453958
2460359
2465918
2454069
2470797
2464590
2445312
2489010
2473863
2474077
2478342
2471173
2472674
2491951
2462652
2448092
2468489
2496262
2466031
2471852
2466199
2488019
2457071
2468271
2451846
2456125
2470968
2448363
2456579
2476968
2474669
2469377
2468495
2471124
2463786
2453683
2489217
2468144
2444184
2459576
2456632
2456167
2453550
2463827
2458391
2462488
2484915
2461280
2477013
2463309
2490423
2451007
2479677
2467900
2452630
2455685
2486244
2461386
2463690
2467157
2467998
2454283
2458362
2439689
2486531
2481313
2448914
2437810
2507109
2462905
2487334
2456732
2476889
2585710
2506315
2525855
2471031
2484558
2455664
2488735
2470979
2469953
2464226
2467963
2440042
2478153
2453898
2451723
2462745
2472680
2463953
2473145
2472800
2466716
2500361
2450943
2473910
2477038
2513650
2457745
2461002
2450899
2489843
2458126
2432976
2425049
2492531
2448978
2478100
2467346
2471261
2468858
2475429
2454024
2473168
2472868
2481637
2444182
2441435
2472600
2483365
2462620
2451401
2499526
2449897
2474092
2465456
2493552
2443438
2459873
2474567
2468473
2471601
2464803
2458248
2474688
2461555
2472784
2473077
2462687
2452852
2463309
2457252
2474390
2473280
2471766
2469349
2482819
2477774
2471757
2463653
2480986
2479096
2463905
2468625
2467167
2445884
2481686
2457826
2472364
2465785
2464005
2473062
2466447
2480515
2441147
2471189
2450306
2471303
2487466
2460215
2459135
2471715
2448370
2469607
2465457
2479777
2449446
2456963
2430525
2491237
2465600
2454641
2463141
2464253
2466795
2458012
2462982
2483004
2484351
2463243
2461298
2455826
2468832
2527110
2482271
2437255
2462836
2466702
2472478
2482769
2457522
2452777
2476909
2465826
2481664
2449469
2462116
2469597
2472479
2507589
2488003
2458431
2478199
2464114
2427155
2472663
2456957
2466208
2454534
2473524
2490844
2465321
2449608
2485313
2483839
2460460
2470654
2435679
2476830
2437540
2467264
2448708
2516826
2462336
2469941
2468529
2470735
2456449
2474802
2469432
2564076
2439644
2465666
2451731
2481560
2464306
2453798
2451120
2465849
2455120
2477934
2445442
2463800
2472925
2441174
2482020
2483261
2465785
2466758
2462302
2482972
2473637
2461168
2453467
2459373
2466829
2457895
2483131
2482161
2463497
2446839
2452524
2461568
2456045
2478286
2442317
2499467
2440917
2472296
2462419
2470257
2498667
2476710
2468895
2452535
2501932
2467958
2482362
2463752
2472273
2455510
2465241
2449231
2471640
2469598
2458916
2476438
2474717
2459896
2454722
2453267
2454005
2462039
2435653
2432756
2479452
2473715
2483220
2451682
2470131
2482464
2448729
2466688
2456355
2446239
2470414
2437045
2482622
2455646
2457160
2452303
2476286
2463034
2463493
2472268
2489045
2432526
2472789
2447547
2477869
2464597
2460288
2449130
2460272
2499205
2462579
2662176
2423920
2440268
2451159
2457916
2443736
2451323
2448200
2463596
2440978
2481448
2452428
2460373
2470176
2476093
2453652
2465119
2472687
2487682
2461323
2448868
2435382
2468103
2470095
2440682
2468443
2470523
2445978
2444242
2470363
2472385
2470817
2463394
2468440
2483077
2469019
2469629
2467893
2491203
2476386
2485280
2470408
2480059
2474257
2465852
2458858
2459603
2508511
2468075
2465558
2455516
2481828
2457596
2472563
2481826
2468821
2469108
2455465
2439839
2483244
2451562
2471196
2464607
2472850
2459093
2464634
2463343
2487938
2463614
2451369
2446855
2477578
2470435
2454122
2479207
2468120
2489129
2482397
2439444
2468713
2465931
2466377
2472649
2469052
2470703
2470399
2475371
2460222
2460900
2465773
2497681
2464930
2465980
2469909
2464409
2478149
2442643
2462415
2462674
2452564
2477397
2474770
2473767
2431583
2428153
2454149
2447616
2451942
2443186
2464110
2467589
2474470
2460859
2456169
2456345
2472690
2465854
2437149
2480723
2463581
2459805
2463389
2462531
2452817
2482514
2469640
2463133
2488100
2466737
2446520
2432845
2474156
2475698
2464555
2495150
2462674
2472534
2465341
2448937
2465506
2479823
2454128
2464112
2458140
2465187
2493143
2455966
2418085
2448819
2464265
2464140
2451356
2478446
2437705
2466541
2460516
2469987
2462395
2478366
2480050
2471974
2479291
2468831
2495845
2449431
2467898
2439171
2515152
4128959
4102864
4082063
4077187
4069890
4073585
4092119
4102875
4107506
4099131
4056261
4073997
4089156
3427952
2746889
2578912
2502367
2472573
2470090
2600949
2649932
2655551
2647418
2635593
2661235
2620925
2570464
2583415
2582819
2595318
2562702
2568617
2536150
2561241
2557795
2581260
2567295
2574898
2542718
2601143
2553583
2558873
2578596
2597826
2556405
2557050
2571066
2608652
2555415
2595145
2553516
2583036
2527714
2476458
2491869
2480674
2466025
2498584
2431694
2464873
2452530
2465226
2485280
2485185
2442673
2453394
2477863
2477056
2484506
2467925
2478412
2463155
2465421
2445042
2467542
2464780
2457006
2469772
2467231
2460213
2459182
2448920
2461189
2468006
2458893
2461507
2490119
2467524
2475594
2453277
2462838
2469719
2516964
2442145
2462022
2462531
2458372
2463323
2480969
2503566
2510377
2478632
2529682
2509348
2487834
2497430
2470193
2479321
2480177
2518119
2492342
2507189
2478954
2482188
2463009
2512413
2453418
2452524
2463444
2451723
2485473
2461203
2458948
2468526
2453738
2447621
2474562
2457282
2464799
2474034
2464322
2474328
2479006
2478880
2478082
2488244
2471286
2501712
2480437
2456964
2457246
2467530
2468783
2447377
2490353
2461179
2453506
2479080
2450360
2471572
2470698
2462366
2475508
2478816
2455391
2471190
2459233
2456045
2464210
2451685
2457871
2471117
2457701
2455163
2448376
2443480
2468904
2472927
2467884
2465118
2456168
2452206
2482075
2510263
2507881
2500698
2487814
2477816
2464208
2440080
2447352
2444523
2469628
2461104
2461463
2445992
2456005
2478825
2472819
2477100
2454876
2459276
2464960
2456535
2471736
2461136
2474619
2461063
2462416
2474710
2451769
2470391
2491844
2471211
2484345
2455602
2461892
2472358
2457051
2454563
2461788
2467843
2485494
2459016
2578820
2441255
2495577
2409076
2423857
2420771
2458268
2492735
2465972
2452460
2461049
2486727
2469892
2470195
2475204
2477800
2454560
2490402
2455832
2476015
2457677
2441595
2478454
2464870
2479931
2473221
2475522
2465127
2490363
2475097
2470131
2478208
2458178
2476986
2465982
2425152
2465404
2464075
2470763
2455350
2457527
2475288
2457347
2466683
2451433
2452697
2481930
2496685
2470572
2471686
2458491
2462540
2475214
2470029
2467154
2464646
2480778
2469732
2468223
2469500
2492485
2466383
2469230
2463126
2471610
2477412
2470622
2443187
2466784
2460952
2460411
2444218
2470343
2450460
2480051
2488138
2479508
2444065
2491203
2465959
2453753
2487741
2465283
2467378
2484467
2474204
2429191
2513392
2453271
2500444
2452646
2462063
2449581
2466067
2653559
2434979
2448954
2464237
2459995
2464102
2460581
2476175
2461763
2454622
2492554
2459272
2463299
2446039
2443632
2461483
2468375
2479446
2480332
2469289
2460399
2457950
2468069
2474687
2495158
2454933
2463497
2470678
2477714
2499663
2469162
2464921
2460699
2472411
2469352
2474721
2483415
2458202
2444935
2484972
2459026
2454097
2465841
2457235
2471773
2466036
2461227
2471227
2466841
2467524
2470731
2433932
2464055
2477321
2690711
2892587
2551294
2571019
2532990
2509473
2489613
2666219
2415774
2492837
2438851
2424722
2459310
2460143
2467519
2472775
2452284
2469258
2458953
2458269
2459881
2470686
2468676
2471843
2463051
2459999
2477925
2474511
2458767
2462960
2467069
2453373
2446315
2463674
2443683
2470462
2472846
2481121
2468227
2462142
2469818
2441987
2471848
2488957
2467269
2468719
2475960
2451109
2476036
2473227
2470845
2478782
2478471
2480334
2432099
2467101
2461408
2471590
2455934
2445653
2455904
2459976
2432296
2466279
2449701
2470767
2444075
2459989
2475673
2478138
2461596
2481973
2496687
2462485
2447049
2469978
2477641
2463310
2479362
2466264
2463007
2469960
2481409
2459163
2474087
2483336
2505515
2453604
2461758
2471004
2460196
2489921
2450233
2448162
2468743
2461087
2468700
2466202
2453337
2467512
2474581
2486584
2453054
2458645
2453074
2461550
2459994
2459419
2456440
2427313
2488104
2463252
2483459
2461584
2467136
2496505
2462927
2473199
2458060
2465646
2456379
2460016
2464474
2459219
2473579
2462902
2435146
2481612
2470009
2458324
2496169
2454442
2453092
2461908
2464434
2457310
2465108
2472567
2474112
2453084
2459495
2466686
2468449
2467280
2472979
2464184
2462840
2459079
2460466
2465198
2463680
2459273
2469206
2462842
2438529
2468421
2466783
2461831
2458850
2482341
2457105
2488982
2459242
2464881
2472878
2487682
2469838
2481503
2480201
2453416
2448658
2472735
2458937
2491964
2461889
2647539
2509418
2467787
2466365
2471556
2446219
2488223
2446066
2449850
2487001
2466758
2466461
2452542
2497449
2448945
2446147
2432340
2462080
2508435
4050170
4033859
4084513
4080629
4088464
4041628
4050589
4056768
4061773
4077869
4065690
4099883
4152935
2733883
2425849
2455752
2452154
2453660
2454116
2464910
2452307
2456083
2463443
2467495
2464478
2468084
2469972
2467918
2458969
2465719
2456562
2446790
2458080
2444788
2451821
2458759
2470975
2452503
2479082
2453611
2466508
2453056
2460080
2436358
2458158
2464675
2487172
2466233
2466431
2455114
2469024
2459856
2474711
2467740
2452608
2462867
2448601
2468771
2437215
2451819
2417048
2439924
2441932
2416136
2460484
2470014
2459013
2458317
2468138
2456260
2462307
2467678
2465302
2457551
2466588
2471039
2458123
2448108
2477605
2452704
2477069
2438391
2462508
2420881
2419323
2453423
2442178
2463139
2470252
2464223
2445326
2445883
2416001
2403951
2466583
2454299
2465393
2430661
2461558
2444495
2419631
2417661
2419319
2476886
2449983
2471650
2428524
2460476
2475344
2491387
2442239
2467487
2444021
2420601
2413428
2454796
2423943
2454160
2468397
2462057
2462438
2462896
2473342
2464693
2450834
2462868
2469876
2442202
2408681
2405268
2422514
2457759
2436047
2460164
2436451
2414809
2408449
2440341
2448974
2446855
2465458
2455466
2464209
2453814
2440479
2418528
2411237
2455339
2441654
2454888
2447061
2460392
2448729
2443317
2456887
2464908
2464974
2403093
2413682
2448330
2446022
2453564
2450531
2445786
2463396
2451638
2482324
2464884
2466233
2456094
2470655
2452423
2456734
2464174
2403177
2418312
2435376
2470859
2457388
2459624
2469321
2458225
2454786
2452995
2417685
2423111
2442186
2432630
2449525
2448676
2474002
2471779
2456970
2467935
2458552
2445255
2454817
2458024
2466698
2463328
2412214
2415064
2442542
2471007
2446580
2457852
2479706
2474920
2452129
2457934
2452639
2473681
2466527
2466279
2475108
2450429
2464292
2470209
2466246
2488102
2464895
2453087
2448670
2467934
2453734
2454785
2466084
2461198
2462144
2421007
2408845
2445309
2451588
2453841
2437849
2463577
2469396
2472160
2457346
2453683
2465145
2449169
2445230
2454065
2431235
2415309
2420795
2450089
2448708
2456829
2436952
2458896
2448105
2457753
2445192
2419145
2416132
2444155
2450717
2448523
2470556
2464096
2468283
2444944
2463190
2452568
2454442
2468480
2444449
2466913
2470213
2472637
2434080
2466666
2459661
2437641
2420110
2417299
2434433
2453521
2452918
2459996
2466941
2456490
2473766
2440684
2405029
2385827
2444123
2468863
2459718
2452336
2414230
2411862
2440045
2456594
2450173
2448529
2438552
2461857
2452311
2460431
2467003
2466253
2459048
2471294
2463784
2442588
2419706
2390754
2452469
2462173
2452565
2452059
2447496
2471599
2455137
2463419
2482101
2459149
2450678
2460613
2411975
2411020
2454522
2422278
2456253
2458410
2457135
2452518
2458842
2444909
2471323
2466006
2467889
2457374
2466073
2457485
2469576
2461261
2473923
2472446
2458007
2410420
2410227
2458737
2458262
2450004
2443700
2451272
2463058
2446889
2391702
2393724
2457474
2479692
2465912
2472013
2456328
2440615
2458259
2443527
2407001
2409736
2453340
2440522
2421174
2455931
2481637
2462673
2470491
2455905
2418300
2417394
2445906
2440300
2446855
2457752
2450384
2451332
2496603
2480120
2469564
2457536
2433954
2456999
2460943
2436423
2409803
2407775
2456442
2454975
2450227
2460783
2471571
2449221
2470426
2413907
2419252
2456456
2456842
2434503
2448766
2469362
2453842
2470721
2473934
2458615
2439250
2467222
2424716
2418631
2415766
2442482
2456675
2444042
2462539
2458869
2457455
2393098
2400309
2468656
2453182
2453535
2455584
2474631
2468266
2472308
2474519
2466040
2457307
2470865
2461107
2415023
2398264
2440312
2447857
2436729
2472960
2461414
2464732
2444488
2468719
2464068
2467772
2469618
2455071
2463367
2464236
2458607
2443853
2470301
2456694
2471661
2449816
2469306
2466736
2467116
2433374
2447169
2473832
2463494
2442878
2472018
2459520
2475482
2474953
2470240
2458351
2463540
2470426
2448123
2465567
2409082
2413978
2409007
2459098
2449000
2452704
2462839
2460562
2452539
2450631
2461113
2463749
2461595
2441048
2465303
2437941
2409354
2425573
2444524
2459892
2429809
2445998
2460395
2440753
2462689
2470894
2403357
2404501
2441154
2451420
2469643
2478992
2464804
2454756
2460204
2446787
2413857
2411540
2455698
2460857
2448518
2460183
2459136
2452620
2447775
2432063
2389592
2410243
2454564
2464183
2459821
2448019
2474286
2447695
2380017
2412105
2461330
2429979
2454476
2462379
2461889
2469787
2463575
2416838
2408885
2427206
2455542
2453578
2463161
2475945
2461325
2467848
2452718
2459957
2462035
2452135
2483058
2465819
2443670
2460643
2465684
4263139
4044534
4054523
4035676
4075721
4051423
4060713
4058260
4100949
4085795
4069786
4054780
4076195
3689807
2453495
2434722
2488147
2469752
2469653
2478895
2472493
2472968
2470213
2456589
2478380
2479145
2462585
2491655
2457329
2485672
2443775
2434756
2460235
2472953
2477332
2475931
2472188
2472401
2469847
2470634
2472199
2468749
2462020
2483607
2449150
2470075
2447908
2477575
2484933
2475348
2457630
2457488
2472232
2457856
2488190
2484433
2467844
2458102
2462282
2467508
2477210
2463320
2467585
2477334
2476454
2476019
2454362
2477694
2467969
2457794
2471859
2444578
2499869
2484365
2525675
2500396
2472854
2476030
2465214
2468935
2466486
2477728
2457808
2455707
2454088
2457521
2459257
2487827
2451921
2429901
2430142
2524560
2439912
2465259
2446209
2458338
2473905
2479095
2474181
2484069
2463863
2470756
2450330
2455220
2481633
2459166
2472342
2454757
2456775
2465154
2464781
2462807
2454161
2453358
2468522
2470407
2478273
2490192
2468993
2451636
2458404
2459841
2488552
2479806
2477614
2484760
2471566
2472741
2468108
2461548
2472016
2460533
2461210
2452856
2470874
2480868
2588827
2435179
2438092
2438749
2458244
2456228
2462969
2448976
2468055
2482220
2473519
2454154
2464848
2446657
2470092
2464093
2468756
2476047
2475914
2465388
2451554
2454731
2457096
2482082
2430036
2453933
2478687
2467324
2479395
2468889
2441066
2456568
2477854
2460655
2493841
2465101
2467375
2469308
2487334
2446523
2457748
2463642
2471716
2448008
2476171
2479689
2483652
2441251
2464111
2463778
2465670
2458300
2491953
2453891
2478234
2461180
2465068
2475354
2476090
2480670
2450069
2464456
2465604
2448225
2442553
2467228
2455622
2491968
2460851
2466846
2468987
2462457
2445931
2448288
2478999
2454229
2472830
2445804
2465110
2466503
2478250
2475026
2454536
2445513
2465564
2440546
2488283
2481344
2447214
2462230
2459032
2471100
2462146
2477450
2456902
2486616
2690098
2442184
2466849
2468843
2475004
2484294
2468397
2468543
2454007
2492786
2463383
2473509
2470880
2474640
2484222
2468875
2465263
2462888
2464580
2477319
2468104
2469930
2478610
2457748
2472010
2451372
2452784
2476077
2469692
2503684
2469937
2461628
2458239
2452434
2468715
2480490
2471477
2454270
2442437
2462096
2490688
2474188
2472724
2486372
2427983
2471097
2467576
2478553
2465906
2454725
2473277
2460819
2454061
2474717
2477507
2469829
2466456
2461862
2491757
2457093
2479774
2446658
2470401
2465832
2475676
2458746
2461090
2470857
2482840
2448851
2475232
2461900
2462638
2407482
2423331
2460352
2429736
2467531
2471090
2438620
2444042
2469248
2458003
2498057
2437387
2479409
2489207
2490453
2459264
2463638
2464539
2475552
2470090
2438548
2480822
2440241
2484195
2472812
2472102
2460214
2469274
2486488
2467277
2467807
2459675
2462995
2448904
2475639
2455016
2477120
2455067
2462906
2465770
2466897
2463924
2462365
2484376
2468401
2472975
2468012
2434828
2473901
2451951
2483960
2473801
2461395
2469986
2460831
2474430
2467725
2459669
2472114
2478582
2470563
2472581
2469195
2477473
2450402
2470555
2454222
2395264
2435712
2456117
2458192
2466795
2499988
2438397
2476724
2451487
2449932
2476595
2455049
2433889
2468736
2468109
2478088
2464136
2475177
2449736
2506720
2445273
2467714
2467255
2480003
2474384
2480829
2480437
2474412
2464492
2472691
2460967
2474628
2477192
2460098
2489607
2462428
2472096
2474288
2459049
2461237
2460450
2471723
2481505
2447677
2439060
2477924
2472619
2458487
2473653
2617268
2433992
2461803
2455534
2460519
2453188
2475841
2454677
2461767
2480774
2463791
2463897
2458067
2488115
2478119
2472010
2475171
2465159
2449572
2454786
2471768
2469241
2475450
2481983
2456726
2464693
2461622
2460451
2465234
2467433
2459926
2463673
2483620
2476477
2466778
2466141
2473635
2466923
2469096
2472697
2459924
2442417
2471993
2472517
2472906
2453893
2414981
2417918
2476678
2468745
2443532
2462912
2470204
2460108
2426774
2458176
2463140
2486914
2452253
2468830
2462726
2467767
2472673
2454205
2462022
2457866
2473064
2440406
2475135
2453726
2473102
2465082
2493335
2465655
2471935
2464033
2459587
2472661
2459701
2470940
2461382
2472107
2457275
2468431
2463721
2456759
2477666
2450926
2435426
2462141
2475831
2486155
2460333
2459744
2471787
2469060
2482581
2459302
2462259
2461715
2468124
2483062
2459106
2480441
2459216
2458239
2481051
2468120
2494834
2456658
2467337
2467934
2467709
2475032
2467604
2484690
2464268
2466046
2463383
2466315
2471064
2459110
2476777
2480736
2466191
2479877
2464915
2470776
2477016
2444244
2495358
2477856
2440885
2460977
2527577
4118870
4060337
4045765
4048011
4044959
4049947
4082483
4075785
4043685
4067923
4039164
4016568
4039737
3221946
2430326
2440279
2433774
2470753
2447829
2467976
2438055
2445958
2448842
2468051
2464061
2479196
2447402
2453946
2461335
2475670
2468677
2464298
2467449
2460324
2476429
2455356
2466590
2472466
2462772
2476943
2466201
2477514
2465770
2447518
2485807
2451505
2466003
2448068
2418527
2409949
2456920
2440059
2439169
2439938
2455026
2446183
2458404
2478989
2457723
2450945
2450964
2474436
2479579
2465165
2468916
2466026
2425190
2414578
2421069
2444238
2452520
2462028
2448215
2459875
2453843
2460961
2456239
2464131
2451323
2465160
2439398
2461396
2459483
2417816
2405118
2450636
2456150
2454230
2456271
2461778
2462708
2455434
2448280
2467060
2454685
2456077
2477523
2445304
2477615
2440384
2404476
2421880
2467007
2458515
2452889
2458176
2455422
2467197
2467812
2457815
2470248
2463771
2479665
2455142
2474622
2464360
2479019
2460363
2473613
2472638
2453621
2467476
2466820
2467663
2466839
2469722
2462230
2454511
2482856
2459553
2441811
2452621
2419827
2411707
2462379
2459555
2434179
2442462
2457555
2460989
2460262
2453221
2446539
2464003
2461597
2456573
2464610
2410744
2429099
2452435
2445557
2473852
2458085
2446346
2453318
2437253
2448467
2460411
2440904
2456279
2467968
2469854
2467487
2460372
2458601
2418824
2407593
2426312
2458806
2452438
2461708
2467828
2467426
2436030
2439334
2443263
2441258
2460686
2457695
2458553
2441642
2462318
2438005
2411848
2418333
2441310
2445915
2438549
2464324
2461196
2474328
2430996
2473071
2460975
2422194
2398697
2404413
2466858
2443956
2467116
2460358
2465183
2466446
2449158
2455150
2474986
2457197
2470455
2455268
2463961
2438893
2448050
2420185
2416969
2460030
2426806
2469496
2460529
2448356
2440190
2419235
2410836
2440043
2463201
2459228
2458624
2424099
2417383
2415688
2436011
2472422
2424085
2456442
2470898
2464820
2456166
2412872
2455247
2450253
2449579
2461015
2457987
2442786
2459720
2446092
2443670
2452853
2467937
2462115
2465606
2458502
2388890
2413937
2458729
2459262
2463059
2457842
2469533
2452321
2446073
2449810
2481030
2473884
2478900
2451000
2438061
2473837
2460954
2465059
2474482
2444005
2468515
2455304
2475411
2466276
2468985
2448593
2459494
2467078
2473969
2471437
2455043
2437447
2460090
2475304
2467179
2462909
2460537
2461143
2456653
2452773
2467863
2467116
2426459
2419163
2399497
2463746
2453847
2455158
2451270
2461480
2460338
2451164
2454589
2465184
2463314
2423059
2418008
2417493
2460222
2465271
2455200
2466424
2473606
2460657
2450635
2466943
2459526
2467909
2445585
2459947
2465658
2466199
2469813
2455822
2470534
2447778
2462617
2460439
2461463
2466205
2459617
2469313
2468381
2458343
2457378
2473450
2457902
2452614
2460914
2414760
2414122
2446781
2437971
2453289
2444690
2449895
2419359
2420800
2443715
2472440
2466326
2455035
2446551
2462841
2464457
2436826
2412043
2429746
2453007
2438099
2449796
2475572
2464610
2448569
2458340
2473658
2447288
2452691
2460393
2472157
2458790
2454489
2459298
2465592
2450362
2460110
2466766
2463897
2477268
2466194
2456979
2481884
2461173
2459612
2454436
2461308
2470706
2458641
2467274
2457582
2444873
2479780
2461819
2465523
2446520
2413307
2403117
2449885
2473963
2448865
2450504
2462533
2462298
2468366
2464392
2448113
2446875
2461410
2457558
2470600
2462389
2469515
2469351
2456014
2461241
2457596
2468410
2458761
2454210
2453659
2450497
2428775
2422580
2420501
2458678
2450631
2460446
2451424
2460662
2448373
2453629
2462976
2472998
2464249
2479106
2451253
2460193
2451630
2466598
2476810
2462635
2473264
2442964
2466981
2462583
2466374
2449812
2472063
2472517
2443362
2463280
2468247
2447327
2474839
2457382
2450096
2459622
2463463
2467751
2469716
2464963
2456428
2475545
2466522
2477632
2451546
2468823
2463893
2454521
2466497
2463083
2458491
2463639
2394495
2427369
2438119
2459939
2455670
2452262
2462177
2434600
2413387
2415353
2453465
2461027
2469066
2455064
2476149
2462381
2453120
2475002
2452261
2472501
2458512
2476738
2471146
2457853
2457441
2461551
2464279
2471912
2461899
2453208
2462607
2460579
2469628
2460385
2457031
2464550
2423623
2393279
2485723
2458260
2437665
2458446
2440942
2455358
2459118
2464280
2460975
2449535
2487485
2571762
2586714
2580984
2586518
2571160
2666710
2756874
2835705
2862361
2938654
2859025
2736877
2738294
2749939
2996882
2756203
2610411
2507550
2491363
2543537
2523024
2435511
2443878
2437958
2461045
2433634
2462158
2465420
2464358
2463877
2433456
4106797
4080688
4062094
4046941
4070571
4045561
4073531
4067068
4041788
4048330
4075966
4053009
4055811
3805897
2494005
2446119
2470437
2463852
2472143
2453114
2452229
2467703
2463922
2460994
2463151
2452391
2467405
2465215
2468986
2481898
2448263
2467861
2448221
2464280
2478196
2480702
2475196
2477869
2475323
2457856
2444704
2480823
2472882
2478611
2460605
2475504
2460876
2481046
2475065
2473196
2488721
2464356
2486295
2458172
2465020
2443375
2465909
2453210
2481259
2460306
2470837
2472774
2456014
2453166
2449637
2451155
2457461
2474793
2487312
2472862
2464250
2448962
2468084
2456504
2469562
2477382
2463872
2449513
2476097
2463930
2470729
2470834
2474596
2464996
2474504
2456336
2461476
2491490
2458651
2470393
2454409
2470739
2443197
2461441
2460450
2480252
2475153
2457843
2473315
2457588
2470403
2492674
2451505
2468181
2485147
2478482
2467067
2473626
2458140
2478565
2461638
2472387
2460759
2458100
2473672
2461617
2480251
2463556
2470762
2465586
2452596
2463721
2463467
2467775
2458509
2453523
2461232
2470363
2460462
2455734
2495603
2450224
2473999
2478957
2437060
2480683
2453846
2460153
2475311
2469218
2464292
2483893
2471198
2486877
2453167
2492315
2461258
2491987
2468902
2481306
2469841
2471955
2471169
2463458
2479831
2450059
2464463
2452701
2458856
2478850
2461198
2465747
2463208
2472329
2442690
2471854
2474221
2444813
2468974
2477814
2474521
2455397
2471243
2470469
2459468
2419610
2408023
2432707
2465916
2469970
2463210
2458375
2489590
2472725
2472666
2466366
2479983
2463678
2482127
2447775
2476617
2470057
2460525
2454246
2466475
2459917
2488676
2440917
2460788
2468289
2479346
2481441
2474088
2490601
2470935
2461672
2467114
2455074
2455761
2460540
2464533
2445225
2462111
2472766
2475318
2468542
2511704
2726623
3037612
2515718
2511135
2486498
2535359
2508100
2508405
2587781
3014343
2563819
2704184
2476310
2453106
2442560
2450558
2438881
2456481
2449904
2458808
2472789
2464638
2466768
2454733
2899571
3540501
2479884
2478399
2459292
2437340
2450042
2465225
2459389
2462260
2458413
2453622
2435517
2479105
2467931
2470992
2456464
2466751
2480915
2473635
2475010
2483406
2478095
2468592
2466786
2457992
2468831
2483039
2448875
2455076
2463164
2463222
2470072
2457064
2474255
2458867
2464313
2438742
2456572
2467415
2457701
2476482
2471238
2468078
2465197
2457481
2461385
2486335
2457905
2488058
2475183
2459892
2443102
2472748
2471562
2484196
2468480
2474940
2475951
2458796
2452425
2455029
2467339
2466128
2478540
2458077
2476811
2471089
2473323
2477942
2459555
2477972
2463117
2457645
2459111
2437230
2456181
2485160
2502197
2460417
2463137
2462204
2478986
2467504
2480682
2461277
2464103
2467352
2463080
2473722
2451945
2469117
2473005
2467046
2459700
2463592
2458120
2459251
2473563
2465128
2466671
2455810
2481523
2450422
2455044
2474824
2467403
2496367
2462286
2465180
2471602
2451193
2455061
2481509
2472889
2474508
2469227
2449625
2465692
2490413
2453796
2471873
2432029
2418338
2429467
2450789
2452170
2462973
2460256
2455873
2493140
2468451
2482408
2457601
2459888
2473443
2459650
2430132
2475693
2472634
2467992
2465599
2466151
2460132
2473434
2487035
2455872
2468052
2441123
2499885
2490809
2455203
2470403
2483055
2474130
2482131
2460455
2457727
2474983
2481382
2490102
2462960
2465592
2477822
2456439
2502787
2894567
2514106
2482342
2442803
2449862
2482742
2454834
2461461
2451554
2445155
2460595
2463771
2448147
2494857
2458171
2475888
2443925
2451435
2493184
2482118
2469517
2450369
2477586
2475337
2485844
2472077
2468860
2437568
2495487
2483586
2481512
2484403
2460290
2466273
2485759
2463423
2478141
2443200
2468146
2469264
2457892
2469563
2488984
2469999
2446181
2452527
2472634
2473756
2452178
2462553
2443856
2466527
2467669
2471301
2459275
2480028
2476345
2492967
2460442
2461508
2474745
2466239
2478568
2467803
2485302
2467291
2482543
2469331
2480926
2460884
2464829
2488563
2463855
2467468
2464220
2471205
2507882
2452839
2468401
2467554
2470250
2464530
2469415
2463003
2458405
2450926
2483733
2455531
2482939
2453214
2456919
2461479
2443626
2483093
2471738
2473112
2438896
2466618
2473339
2524513
2488917
2450418
2462595
2463188
2454988
2439666
2482054
2462167
2464771
2456329
2478646
2457996
2469481
2464694
2482187
2463733
2479478
2440613
2471012
2482658
2465892
2468777
2448205
2460848
2476280
2470890
2475565
2460204
2440150
2492010
2473570
2455336
2448244
2449008
2468421
2468113
2454980
2463946
2465336
2468479
2446146
2447488
2463385
2457380
2491914
2457135
2581303
2442270
2517868
4014631
4025422
4013756
4032941
4062914
4045658
4031490
4021767
4053882
4070435
4007463
4020921
4008610
3067227
2436284
2442757
2446299
2451456
2456388
2463163
2460105
2467694
2459063
2464554
2441279
2463244
2473880
2473195
2470069
2476524
2464392
2471127
2452827
2482969
2451547
2462726
2476808
2461901
2472258
2459053
2456182
2461445
2467727
2457362
2449416
2451862
2471932
2467953
2464842
2465647
2469741
2454252
2472012
2473140
2461903
2454778
2468927
2458211
2471294
2467282
2461547
2473468
2471286
2445975
2452640
2470410
2462715
2456492
2454279
2421020
2422173
2447094
2448187
2450967
2464036
2452779
2462215
2453526
2473448
2483678
2471202
2447108
2453716
2465715
2451209
2468031
2457996
2457136
2458495
2455250
2453241
2461065
2447535
2472183
2448393
2458631
2439265
2415323
2424422
2447794
2434098
2434808
2469990
2454171
2441043
2449435
2465143
2411030
2408768
2443450
2451023
2459874
2457620
2473387
2454127
2483322
2470435
2414363
2413289
2437301
2472381
2455604
2463856
2445972
2455237
2436126
2472177
2445618
2459447
2459641
2464945
2481860
2467908
2475703
2475728
2455107
2454184
2446482
2464701
2454732
2446484
2477989
2463402
2470677
2460418
2456252
2461685
2458639
2479383
2458871
2458657
2466975
2469002
2462301
2471892
2456796
2454311
2456667
2467740
2462347
2468486
2449431
2467849
2440937
2463864
2463854
2466596
2421559
2419944
2437854
2440926
2458272
2446707
2466001
2459473
2460754
2464171
2467816
2476290
2468370
2445084
2425556
2414763
2450081
2462797
2458018
2448495
2469177
2461791
2486454
2463802
2455294
2461477
2466868
2431008
2442870
2391619
2410512
2459498
2459010
2465188
2464583
2415231
2412874
2416351
2440182
2478010
2453675
2466707
2449245
2469155
2464378
2456071
2453919
2471175
2473078
2488980
2467737
2443213
2463283
2457001
2459718
2453561
2404098
2419127
2458669
2438491
2468694
2469379
2458746
2471780
2459771
2471666
2474753
2475462
2471188
2471593
2465900
2459034
2441802
2452528
2449135
2467472
2474222
2459530
2469812
2472830
2463368
2459857
2470193
2462290
2476756
2465055
2476109
2450271
2462580
2459759
2421046
2431636
2449452
2441646
2437880
2459691
2440815
2412397
2405776
2468971
2446055
2440394
2462173
2459389
2443256
2456734
2421457
2390837
2441317
2452674
2458280
2452797
2458567
2468645
2446496
2461729
2467615
2463513
2393296
2414961
2456870
2456413
2456067
2474995
2463456
2448693
2409049
2406273
2460052
2451856
2463543
2439697
2462386
2457188
2452510
2455756
2435880
2418940
2412071
2455183
2455688
2458617
2478592
2468393
2451809
2477031
2466766
2485727
2469542
2408022
2431028
2448778
2439652
2443752
2448966
2477052
2465275
2461275
2457201
2456149
2450794
2469558
2445054
2469651
2455937
2460241
2455062
2459411
2454599
2454781
2453289
2409905
2408613
2453654
2458363
2475480
2467202
2452925
2466619
2460331
2473549
2465951
2475419
2446676
2457596
2469745
2465190
2467562
2454354
2464046
2471032
2417406
2421669
2433856
2448168
2458450
2471443
2460444
2464943
2471311
2445475
2472231
2467736
2459228
2473332
2436179
2471460
2460820
2496460
2488440
2476409
2454974
2410194
2419197
2464802
2451746
2443404
2470369
2437155
2461137
2463972
2449701
2476871
2465844
2445403
2465021
2434658
2419205
2419697
2460943
2440653
2440859
2461324
2439886
2459818
2445921
2408990
2412233
2423109
2457007
2450604
2402151
2421508
2457507
2451064
2448182
2446748
2448754
2465018
2463272
2449634
2461861
2469741
2454098
2475227
2435517
2456360
2419811
2417764
2470348
2430306
2464088
2451950
2465302
2452867
2456497
2457913
2463764
2459413
2417816
2406213
2462349
2443653
2447454
2472017
2466410
2484795
2469140
2464118
2462975
2481611
2425634
2468973
2472432
2475094
2448836
2468447
2453863
2470485
2459117
2470822
2465108
2461298
2468636
2459700
2467421
2460030
2468341
2461669
2474431
2472224
2457935
2452584
2465257
2459532
2455740
2465203
2467639
2459961
2449080
2404344
2425427
2446724
2454616
2459330
2465746
2454131
2452603
2465665
2478274
2478736
2461830
2437654
2418848
2411034
2427202
2456072
2467209
2468357
2469324
2461593
2443040
2476464
2460536
2461691
2448576
2458339
2463940
2465096
2447888
2467075
2457343
2452973
2473203
2467086
2436811
2465961
2462687
2460198
2423846
2386150
2422289
2462316
2458665
2475078
2460311
2448687
2413150
2417377
2423012
2442321
2443949
2410496
2419168
2462524
2456863
2472653
2469473
2459754
2480321
2452159
2444727
2438883
2461339
2453829
2461045
2442996
2461771
2467174
2468411
2469951
2468407
2461513
2433331
2476073
2431995
2461287
4164466
4062378
4098788
4103429
4244498
4111185
4107792
4137021
4088245
4113663
4074243
4095147
4086226
3439848
2460813
2453778
2465231
2454027
2455500
2466851
2441287
2466927
2463454
2452309
2462298
2453047
2471380
2470224
2473842
2491602
2462689
2447501
2476429
2449204
2457921
2486698
2463827
2467829
2474378
2480581
2460026
2465696
2450908
2486913
2470932
2462571
2453490
2454504
2477280
2462689
2466343
2457062
2446255
2459833
2465974
2450377
2456067
2466788
2488514
2453872
2453223
2463177
2464094
2463254
2464977
2452512
2459640
2459147
2469294
2455556
2432960
2483724
2491969
2476390
2458697
2444826
2468544
2459131
2471537
2469762
2489283
2473833
2465740
2474240
2468051
2465350
2466096
2484204
2476039
2453981
2451056
2456450
2466460
2486105
2458973
2467920
2472197
2478909
2470247
2484144
2456906
2484071
2449456
2456877
2456313
2459339
2432422
2473753
2440650
2463241
2470741
2477483
2469130
2466616
2453164
2445849
2501206
2442821
2472017
2461731
2467428
2448366
2438163
2450653
2460356
2466050
2467162
2443562
2467098
2472715
2493680
2472055
2472546
2469394
2443446
2474011
2460036
2471629
2477584
2458442
2449868
2462986
2458469
2475238
2459371
2498592
2460266
2451304
2476901
2452105
2475037
2455019
2469982
2453925
2454020
2460097
2463352
2451839
2470830
2482831
2469136
2459363
2470172
2471067
2478300
2478592
2471798
2479635
2440345
2501280
2462706
2487164
2461144
2437179
2481358
2480586
2474791
2489436
2448576
2465218
2461471
2469577
2457561
2473015
2474861
2465238
2445581
2492114
2483847
2457777
2453304
2455322
2477913
2474687
2454660
2476122
2460398
2464891
2491470
2458605
2475064
2460179
2438515
2502095
2475246
2481677
2452359
2462288
2473845
2461558
2444228
2478286
2465713
2489896
2466864
2461166
2453109
2499982
2465714
2471771
2459088
2473401
2460155
2475486
2441307
2463183
2459524
2469742
2471237
2475886
2481560
2472221
2502975
2440406
2483041
2452469
2477051
2457969
2477380
2468814
2466183
2470646
2454257
2490468
2476445
2448823
2488985
2468599
2470086
2476571
2462115
2465117
2457132
2472402
2452393
2437894
2469383
2468816
2481854
2471746
2454716
2491267
2446654
2461552
2442132
2458557
2427471
2428460
2453178
2456447
2470204
2455138
2442104
2456628
2480324
2480231
2470287
2465873
2461517
2480177
2469625
2474897
2465976
2462492
2458353
2470086
2466837
2480528
2449828
2480451
2474050
2469410
2449208
2459818
2454539
2453109
2467367
2477655
2472617
2474042
2441101
2456369
2446552
2459146
2480066
2459326
2482032
2466447
2475638
2450306
2464553
2463497
2482149
2470417
2458258
2484758
2456399
2469739
2454723
2474106
2441543
2463652
2466201
2468201
2451169
2450292
2444918
2471239
2464784
2477541
2465155
2472042
2470536
2471589
2474756
2471381
2469700
2459009
2477625
2462980
2489309
2467092
2462576
2448566
2463437
2463604
2485428
2473106
2504515
2464857
2485681
2465157
2463698
2456908
2457611
2468128
2475303
2475947
2458988
2479402
2494359
2444397
2495252
2459436
2472569
2463362
2475092
2471115
2466211
2460528
2452161
2469075
2475278
2465077
2466202
2452169
2466860
2491099
2463575
2471043
2458853
2473343
2460331
2474921
2458780
2447366
2464339
2439888
2456902
2456438
2474135
2461519
2445467
2462147
2479725
2480081
2475616
2459079
2466773
2471395
2462029
2476292
2475683
2468617
2439372
2454445
2469118
2460171
2475164
2469016
2461173
2474957
2474806
2469286
2468907
2463235
2477189
2447501
2487831
2466189
2493208
2458768
2472162
2441325
2473490
2475209
2476083
2482891
2478349
2470486
2472218
2485575
2444967
2461828
2455707
2493276
2475207
2462599
2446702
2471775
2452791
2468693
2448366
2452814
2455098
2480251
2468152
2472233
2458337
2483414
2481863
2462205
2477229
2432541
2477448
2477570
2473044
2471943
2484337
2433193
2466558
2471261
2475870
2483289
2487897
2464163
2464237
2443607
2440500
2501736
2448460
2449415
2459667
2462606
2467955
2438972
2445464
2470238
2493539
2473726
2443467
2480879
2474595
2477507
2469807
2479020
2466851
2474939
2475326
2463798
2477346
2460395
2496595
2457840
2462995
2439857
2479109
2457967
2462479
2452221
2472177
2460140
2478466
2463665
2461772
2479144
2464083
2481302
2457645
2446466
2463251
2467167
2465329
2478572
2470572
2461669
2446033
2472859
2459149
2438298
2462918
2472958
2491355
2468640
2466570
2469641
2462551
2452457
2469953
2460841
2476872
2471029
2469828
2451068
2467052
2469910
2481455
2461279
2568237
2448267
2455108
2451875
2451083
2460661
2450074
2465018
2446813
2473855
2458644
2457816
2462129
2496150
2478852
2487355
2469756
2540266
4102984
4042551
4077411
4043997
4042602
4041019
4040434
4057068
4428257
4645716
4345944
4424076
2951287
2427827
2482624
2454657
2456549
2453277
2461003
2444544
2456358
2469977
2475961
2469190
2477082
2453294
2470842
2413400
2414343
2460348
2458931
2464389
2453586
2471531
2467296
2464531
2448683
2436347
2442593
2469864
2479192
2461360
2459045
2460442
2474177
2463905
2458931
2465366
2462062
2458680
2490316
2461283
2476869
2477260
2470615
2453354
2465199
2468108
2462229
2468079
2459202
2466016
2466557
2475736
2474015
2466626
2462303
2461122
2462197
2461454
2466044
2465812
2434252
2462321
2457772
2459293
2473843
2482767
2465672
2467334
2470374
2475910
2475328
2467565
2472091
2449588
2450740
2452842
2456462
2453879
2412682
2386942
2442531
2437681
2465607
2448539
2456205
2462198
2476364
2445365
2431932
2416561
2438687
2449063
2454958
2456293
2461261
2449490
2453495
2453135
2462848
2448967
2458555
2438945
2467720
2462936
2472232
2477358
2460103
2463238
2447151
2423658
2405887
2438272
2424692
2448353
2449627
2454734
2425409
2414820
2452818
2448136
2448236
2439634
2449418
2463495
2456684
2465900
2441081
2456826
2469468
2443726
2418178
2426039
2419668
2450472
2455353
2450783
2455950
2445967
2461878
2446279
2441556
2437897
2422510
2424671
2454240
2441764
2430412
2468751
2451688
2451142
2462848
2455897
2452752
2466724
2471676
2466764
2462315
2471371
2467224
2455997
2610681
2706330
2449278
2464299
2471239
2462862
2431015
2468453
2463012
2455581
2478135
2455260
2401358
2413707
2449557
2462616
2464112
2446900
2463481
2407179
2422049
2472740
2442429
2472840
2453279
2464493
2455165
2471617
2466963
2450660
2462492
2456091
2468560
2466670
2449303
2458704
2484202
2467889
2460816
2457870
2461583
2455768
2463926
2458470
2478500
2451808
2451633
2474689
2444727
2447578
2463997
2446422
2410538
2414054
2442585
2454922
2442984
2465113
2454846
2469322
2449459
2435964
2464130
2412653
2413751
2456020
2454538
2609057
2479542
2436487
2422729
2403211
2467795
2460949
2475322
2446115
2457860
2453558
2462634
2460563
2463336
2473063
2458688
2482177
2477471
2471577
2462223
2452522
2443953
2415791
2420510
2451122
2455957
2431478
2475026
2458980
2456551
2477289
2442382
2455971
2417171
2420191
2434937
2461155
2457828
2454421
2457316
2462714
2448993
2463291
2465913
2461602
2473807
2452030
2450251
2463501
2468253
2468429
2446829
2445715
2415820
2412711
2460997
2423208
2460470
2469464
2473056
2450010
2441545
2466741
2476832
2478295
2477401
2478508
2444151
2464283
2452888
2422814
2424269
2458801
2428154
2452276
2466735
2458369
2461493
2464530
2482547
2458385
2476875
2455470
2461675
2451212
2450364
2470332
2469724
2456975
2472583
2461785
2473329
2457994
2466069
2477172
2459090
2467282
2460637
2462283
2452884
2454774
2471073
2444735
2462844
2449234
2408987
2410271
2452437
2432259
2479721
2450949
2466730
2467454
2440637
2470309
2470875
2421413
2441571
2454416
2449117
2457109
2447467
2473120
2451870
2452263
2470466
2458808
2464870
2449895
2456160
2466018
2463474
2462796
2456527
2447477
2467376
2456405
2465807
2453104
2454123
2418305
2407418
2459720
2455371
2452783
2486266
2465935
2411059
2417293
2410680
2457683
2464604
2464632
2462329
2451799
2464422
2463378
2454163
2461743
2469352
2467380
2465421
2434044
2423817
2421054
2444239
2454730
2453215
2455619
2458376
2454271
2457167
2466672
2455775
2464303
2462877
2468384
2483181
2455660
2455766
2476401
2482204
2446511
2436798
2456507
2427842
2422346
2469517
2434418
2461343
2469023
2456833
2473788
2464937
2441090
2470591
2467199
2457962
2467972
2465518
2461534
2445317
2458132
2478351
2467987
2462571
2471176
2413191
2434944
2468115
2464491
2451609
2454884
2458622
2453815
2456450
2459190
2466996
2450669
2469232
2454597
2461163
2473966
2463034
2461776
2470946
2451146
2467496
2461450
2439303
2423129
2412976
2456864
2467123
2454999
2441593
2444094
2460410
2469500
2478396
2465945
2464441
2474344
2473839
2442406
2469000
2475553
2471024
2466848
2443618
2394275
2407480
2449720
2479318
2443844
2465755
2461165
2477688
2467712
2475431
2476955
2466262
2482752
2461809
2452404
2421349
2422341
2458299
2738095
2680372
2663214
2660310
2805897
2747177
2704846
3027131
2586294
2570583
2553410
2563810
2428385
2447717
2469048
2474437
2446749
2461197
2462415
2473055
2464890
2469800
2458513
2475178
2458672
2474407
2460111
2465588
2469393
2478229
2457701
2473262
2466154
2467699
2438982
2435676
2461419
2451701
2461610
2459446
2472828
2455986
2477826
2483249
2491624
2457830
2499097
2545235
4107896
4209611
4088667
4044627
4047403
4041885
4064867
4055793
4060651
4059643
4052619
4025828
4049138
2623868
2504602
2566543
2635628
2616245
2615505
2556778
2581305
2566847
2567724
2813781
2688163
2665908
2669355
2712928
2709870
2621326
2664239
2652009
2640740
2591185
2589660
2586040
2543808
2582248
2568629
2492423
2553646
2531197
2515200
2506227
2521918
2501040
2513478
2514709
2539707
2552727
2514245
2566060
2556346
2510480
2546152
2541968
2540127
2561887
2530840
2515192
2541717
2539460
2474554
2514270
2505984
2543154
2500513
2537010
2542298
2519575
2515234
2558017
2518076
2524200
2567378
2533179
2575846
2530817
2499446
2515290
2537027
2495040
2485866
2518264
2525897
2539468
2536588
2544253
2511854
2527455
2492574
2529581
2483721
2517283
2528486
2566242
2538657
2534514
2605855
2479061
2524159
2533165
2516005
2549238
2603161
2487958
2447853
2431654
2408750
2471186
2471694
2456140
2440733
2443017
2451606
2449079
2471088
2448250
2419386
2409798
2434521
2443696
2444391
2452958
2411651
2412442
2459179
2425670
2447591
2477260
2438140
2445247
2447051
2425062
2423983
2452405
2444083
2457531
2450801
2441233
2433699
2400698
2421262
2460222
2461175
2462499
2479163
2456730
2472329
2457250
2455787
2463341
2444260
2400441
2419590
2432130
2470723
2447585
2439624
2411746
2378743
2458876
2461570
2445659
2444568
2469179
2471674
2467231
2493088
2452214
2449782
2462379
2465084
2473946
2454931
2452407
2459250
2438932
2465165
2449267
2473631
2458704
2422720
2415459
2454386
2464052
2452089
2472741
2418331
2454911
2468422
2453421
2420640
2410086
2435474
2459823
2457130
2439968
2466016
2439447
2427199
2417119
2448106
2455306
2473457
2461280
2463509
2469261
2471522
2460586
2461403
2466152
2452206
2474800
2462892
2445997
2426407
2422070
2441356
2463397
2450291
2448468
2452404
2471185
2456541
2456149
2407937
2417301
2451826
2449059
2438748
2462511
2463957
2466581
2469893
2449932
2429618
2465980
2456831
2382890
2408308
2457560
2452457
2436268
2442617
2412848
2419021
2445725
2455284
2452748
2444915
2458157
2456339
2450224
2466705
2461443
2475603
2455948
2455577
2403651
2399789
2451165
2441624
2437943
2422482
2390672
2417877
2451278
2435301
2455608
2425091
2419160
2459853
2441387
2462549
2449640
2453866
2468910
2460601
2458839
2464211
2466785
2456818
2454975
2465821
2465115
2465329
2440531
2402216
2418486
2456425
2425631
2438741
2473410
2456804
2470329
2490232
2463302
2469016
2464161
2471746
2469170
2442081
2462966
2425998
2387392
2452135
2455265
2466439
2441768
2461063
2465829
2479833
2463300
2431547
2473637
2453726
2464201
2464956
2399265
2419351
2443644
2465497
2463958
2433097
2463010
2469738
2477640
2459533
2444026
2470795
2469983
2445295
2471310
2461708
2467467
2461287
2456809
2423687
2411800
2451757
2445931
2425396
2459205
2461203
2472726
2449940
2469368
2460511
2456998
2399387
2409680
2446540
2444158
2457158
2455900
2432489
2419213
2430163
2464520
2444776
2466958
2457988
2471508
2435128
2468412
2455468
2468279
2455396
2470235
2449013
2412212
2399473
2436037
2465484
2443349
2470868
2457873
2449946
2438162
2403744
2420872
2438222
2465135
2456744
2458497
2469097
2465776
2437935
2458893
2476961
2461190
2456633
2451771
2415865
2424417
2446825
2451433
2453822
2451854
2468930
2474835
2454859
2458081
2458877
2439499
2419598
2414531
2445983
2447874
2455362
2463907
2440104
2396107
2413574
2459171
2439377
2437686
2410661
2430385
2443017
2424868
2458401
2436633
2415594
2413288
2439347
2455827
2433695
2456473
2452788
2466735
2459619
2480725
2471188
2458819
2466775
2449267
2431391
2426738
2445088
2448631
2463516
2465130
2454002
2458259
2438960
2476799
2490626
2469714
2442524
2453139
2473491
2460365
2446870
2413558
2401973
2465255
2453855
2455911
2463276
2438875
2467390
2442361
2428395
2411000
2450457
2454360
2456018
2459266
2454637
2462185
2455729
2470964
2462194
2479142
2450755
2471062
2413799
2407996
2464124
2466702
2473441
2446684
2438593
2459909
2451522
2436702
2462697
2471206
2464320
2450646
2464250
2412224
2412600
2453425
2457458
2452392
2444080
2463622
2460527
2477503
2432523
2407396
2410978
2453928
2480258
2471539
2438328
2412771
2416882
2449749
2449195
2441465
2457921
2461047
2417994
2422684
2443962
2458318
2463949
2484120
2446086
2467291
2439023
2475187
2522425
2422372
2465120
2458652
2468513
2448847
2445694
2416530
2425960
2450510
2438607
2440537
2434424
2466387
2463771
2463455
2465766
2461201
2466843
2448533
2388888
2407380
2445744
2460661
2488384
2464552
2472591
2484442
2611705
4146441
4124238
4106045
4096517
4084676
4112112
4076573
4016084
4051544
4084759
4099342
4095430
4056337
3497243
2419862
2457971
2454668
2470551
2458376
2472415
2466849
2467460
2424856
2413047
2435514
2461332
2464809
2468347
2464517
2442263
2449488
2466476
2466130
2479140
2463182
2456495
2471189
2466550
2463899
2466860
2420551
2416845
2437587
2452776
2445987
2453411
2460109
2437091
2450217
2404020
2415694
2439020
2462590
2457887
2446046
2463535
2434580
2480669
2466050
2477991
2442370
2414258
2413714
2461466
2463600
2448680
2440332
2468966
2470627
2460995
2467274
2421354
2415254
2417000
2462056
2449153
2476821
2450463
2454696
2438560
2456657
2456643
2463511
2419795
2413182
2455006
2456478
2454169
2443802
2434930
2386565
2427573
2450389
2462063
2462719
2448531
2415378
2418247
2433230
2449342
2461004
2449489
2468043
2473782
2443587
2470680
2459866
2471301
2457535
2450951
2418916
2423521
2407507
2445545
2452941
2431346
2434948
2412460
2423640
2449748
2458583
2450246
2447674
2459382
2455973
2435636
2447030
2405232
2423903
2444621
2472546
2446198
2473270
2462084
2437112
2467013
2458754
2433857
2414223
2402819
2453973
2456671
2456107
2462240
2466007
2448767
2452008
2449848
2449343
2463019
2439192
2458076
2444036
2378661
2409298
2463956
2468898
2459008
2461350
2467224
2453599
2454967
2473269
2466247
2463506
2434936
2476020
2467023
2475505
2461345
2467651
2448070
2440582
2422276
2440648
2475298
2476413
2450662
2516947
2493330
2472355
2469952
2478375
2470262
2473043
2451671
2456131
2469913
2457823
2464618
2447478
2444467
2464012
2403302
2414177
2468203
2441984
2435008
2463503
2439575
2459456
2425171
2399324
2445048
2441098
2455883
2470612
2456588
2462370
2439289
2399952
2418823
2452852
2451905
2436703
2411973
2393025
2449677
2473126
2458442
2446176
2463929
2464252
2461124
2471361
2452781
2476128
2464235
2452713
2386775
2420940
2451328
2424568
2460364
2483005
2476917
2459655
2458054
2453444
2422431
2402702
2407620
2452083
2479889
2440276
2418217
2417138
2449462
2424305
2462562
2456003
2444036
2459424
2440943
2411943
2423917
2456445
2447541
2417399
2458079
2435561
2467765
2436101
2414118
2417814
2444788
2453011
2450500
2444499
2461817
2474933
2442672
2452468
2413813
2415833
2442810
2442445
2456300
2464519
2460281
2417692
2410808
2440860
2432654
2450357
2453271
2459977
2455242
2443228
2412125
2411424
2458740
2430828
2467569
2450839
2456625
2456005
2407123
2422085
2449966
2450881
2452483
2449078
2455909
2463825
2417575
2411892
2445466
2455188
2443887
2455723
2457358
2419185
2415735
2412788
2448753
2462455
2464043
2453224
2466801
2458390
2469740
2467278
2453846
2424283
2414052
2440832
2450930
2453033
2456767
2466687
2459612
2469457
2409490
2431114
2440741
2463248
2469129
2445500
2468955
2454992
2438649
2450156
2433180
2388864
2417057
2445946
2462265
2450376
2445140
2401349
2416449
2431914
2458477
2456534
2455565
2404429
2425232
2429362
2472710
2451786
2453568
2453148
2422088
2400879
2454488
2461222
2439232
2455357
2434097
2479102
2460690
2469479
2451815
2462425
2456992
2466444
2466073
2461587
2469012
2449405
2457340
2412606
2412547
2450099
2442029
2458104
2465779
2485318
2464258
2462539
2463223
2399711
2414759
2455410
2449363
2447129
2450047
2480720
2462031
2471727
2459928
2461076
2426932
2412225
2419113
2464830
2452683
2450026
2455694
2426547
2464654
2475112
2392308
2410130
2468534
2457577
2459498
2468398
2429484
2411975
2406508
2446521
2451526
2462271
2455967
2468609
2464487
2460020
2456427
2440944
2453658
2440041
2416985
2397952
2422926
2449669
2454305
2465641
2454299
2463809
2426271
2420206
2419587
2446109
2469076
2458964
2467763
2476984
2466907
2466353
2485744
2458628
2458030
2445764
2469059
2456268
2464789
2473398
2461870
2459704
2468870
2485455
2462523
2469947
2465321
2465224
2478379
2465448
2459346
2471336
2446190
2409625
2408131
2449813
2431513
2463629
2462076
2467280
2466082
2440479
2479273
2457797
2478579
2452127
2485602
2460083
2478646
2467674
2461376
2459104
2419661
2415545
2449392
2466302
2443705
2443138
2449748
2467668
2453453
2466254
2457516
2464930
2471565
2473482
2461849
2458243
2461290
2467430
2467256
2453204
2461211
2454505
2471392
2454878
2469202
2467578
2467106
2441851
2465389
2449303
2411796
2395102
2458107
2466520
2466364
2455043
2448258
2454079
2461970
2457561
2462371
2445986
2464509
2458251
2469351
2441418
2455933
2428952
2426261
2441228
2440496
2444488
2452874
2466322
2445740
2468200
2474406
2465413
2472839
2477151
2451558
2458100
2457283
2551655
4087768
4041167
4057876
4076533
4057657
4053019
4061399
4108623
2942984
6730012
2885949
3866705
2539309
2555278
2518689
2577946
2468353
2494000
2452935
2449839
2450446
2429043
2465084
2453131
2442098
2474809
2437338
2863548
2742672
2677100
2648176
2600705
2618140
2640337
2579290
2505938
2491343
2491430
2475270
2385874
2419223
2433810
2463812
2453223
2456917
2463785
2436542
2468017
2459624
2453934
2463694
2457597
2389978
2411121
2464337
2452498
2454817
2457290
2467641
2458109
2474891
2465679
2447095
2395199
2407598
2449644
2450062
2468468
2451932
2426886
2463646
2469422
2455454
2463278
2457368
2457148
2458052
2457059
2404294
2409916
2447306
2421119
2435597
2468723
2466190
2460169
2435565
2394897
2409529
2445486
2458259
2455264
2460018
2409914
2400899
2451548
2463958
2456885
2465151
2453798
2450801
2440617
2465774
2451644
2464059
2409336
2426862
2442536
2444687
2456123
2456128
2478540
2458066
2473390
2441304
2452498
2465027
2453688
2440796
2467910
2458115
2464226
2412986
2406004
2427251
2443224
2452980
2457624
2459124
2447478
2418680
2416193
2447068
2462306
2432086
2441592
2424485
2465688
2456826
2445937
2448504
2452754
2398524
2424385
2440546
2458927
2461768
2454314
2462319
2446021
2466239
2443132
2448633
2465461
2460604
2451202
2407189
2396316
2433995
2456391
2463136
2468250
2443537
2387353
2391513
2463636
2445150
2452380
2465045
2449528
2463108
2472956
2473377
2469615
2457260
2444074
2420952
2408587
2448212
2446470
2428233
2460499
2432243
2453110
2458785
2446318
2473594
2468593
2467106
2454834
2458263
2454943
2467118
2463787
2463875
2439252
2464240
2468461
2466195
2465622
2462902
2466290
2444935
2417583
2408686
2442395
2443800
2468000
2453489
2466834
2460875
2443810
2414850
2407937
2453220
2458259
2460064
2459375
2458074
2469616
2438957
2405027
2405079
2446272
2449555
2430302
2396810
2412979
2464024
2442192
2460068
2460635
2452549
2462376
2471674
2456517
2457487
2446586
2468652
2447123
2463910
2419205
2413924
2442390
2442528
2450350
2454209
2448448
2460536
2459034
2448984
2466419
2476566
2454493
2449182
2456837
2456616
2459568
2470406
2454497
2464516
2469305
2461175
2453634
2467497
2450347
2471335
2412756
2408094
2459266
2452041
2455745
2450522
2459192
2452074
2469292
2472256
2459912
2411237
2410843
2451547
2434813
2463075
2449068
2450644
2435268
2465604
2454502
2468880
2450642
2415100
2398818
2447609
2469622
2461458
2467155
2431420
2457549
2459863
2447257
2457398
2456803
2468037
2436217
2388274
2386090
2461844
2436403
2403352
2453851
2459812
2456627
2447247
2440362
2453134
2415456
2407882
2450780
2456549
2440508
2461624
2446365
2455231
2462358
2461175
2408375
2407182
2442938
2458211
2451735
2447177
2462778
2462109
2466031
2398116
2405917
2444607
2453409
2458217
2462315
2463004
2447054
2447124
2422480
2410892
2384741
2461903
2451624
2467562
2471358
2452390
2457828
2399414
2419703
2446585
2440677
2467385
2469984
2465222
2406009
2400815
2441393
2467960
2456853
2461562
2456312
2461090
2460253
2471802
2452142
2472878
2471477
2462796
2466417
2458812
2449058
2461980
2440492
2403661
2408941
2443116
2463153
2455111
2465366
2468775
2439683
2447591
2457464
2406069
2421876
2457481
2438348
2461394
2460243
2454567
2460167
2456499
2450165
2430368
2457182
2414937
2411782
2442314
2440911
2432441
2457821
2459496
2474094
2456559
2460206
2438353
2382079
2411145
2452499
2455166
2451558
2455519
2461429
2395818
2408039
2469250
2451421
2432519
2454575
2410960
2414120
2442518
2451661
2452533
2438999
2457404
2460352
2456940
2461465
2469555
2458311
2470510
2456247
2452805
2456243
2422538
2465174
2455267
2467994
2422005
2417637
2441754
2455254
2425030
2447264
2468818
2456336
2455307
2454546
2471613
2386275
2391291
2455255
2432892
2473660
2433847
2460509
2447334
2463316
2414863
2406138
2474423
2441108
2453148
2460379
2461540
2443661
2460073
2402464
2415525
2474785
2438340
2462805
2442598
2462243
2457998
2468496
2447971
2465986
2460422
2460979
2453245
2467594
2442982
2407068
2420445
2456513
2455299
2469598
2438560
2448926
2401790
2420894
2453122
2463737
2458240
2469022
2470223
2464505
2440871
2464385
2465163
2457654
2418089
2413398
2447241
2427912
2468977
2429149
2413814
2423494
2444315
2434448
2459352
2432261
2461198
2415245
2406799
2461748
2451666
2448024
2458412
2453855
2439348
2469520
2432438
2450858
2402097
2407037
2461859
2445651
2465755
2419439
2409106
2448812
2429162
2454480
2468584
2467075
2442467
2457567
2457631
2408216
2410610
2431847
2455813
2444786
2466151
2452889
2552766
4060146
4051282
4054881
4034143
4043990
4047435
4070271
4088775
4078883
4084145
4048577
4034401
4065309
2820576
2917519
2491535
2516074
2482141
2611583
2498369
2486255
2460693
2487478
2487522
2439119
2473353
2441311
2463758
2450646
2457539
2452136
2450494
2458212
2471474
2433991
2464018
2456888
2470168
2418182
2462291
2460143
2446097
2412167
2426937
2453340
2432389
2443844
2441197
2451708
2463976
2475045
2423482
2412599
2436766
2419896
2455660
2463766
2464638
2428350
2414734
2403726
2467373
2432133
2455060
2456856
2460813
2458825
2458165
2464621
2441101
2412479
2412986
2449284
2451977
2433619
2466797
2460734
2440493
2437636
2423389
2403640
2437697
2458841
2458945
2455613
2407008
2412652
2450273
2455995
2455631
2448283
2465256
2469246
2455384
2457722
2451759
2433617
2413816
2386591
2447001
2466408
2459011
2453337
2466791
2467082
2471425
2487652
2464370
2464783
2439462
2470451
2407276
2416983
2429616
2448463
2475664
2455442
2446381
2463042
2475407
2476522
2470141
2470470
2466684
2484052
2469765
2460908
2470644
2440087
2475435
2468032
2460769
2460495
2454068
2471155
2442764
2410927
2400179
2462195
2459383
2466591
2483341
2447611
2439104
2468709
2423151
2416569
2445564
2449988
2445553
2454766
2459573
2461694
2453654
2412373
2397558
2445354
2455992
2455369
2467579
2455148
2436991
2415839
2409608
2448145
2457108
2456347
2463097
2466023
2463977
2446547
2452036
2388680
2409820
2443113
2445659
2457493
2458869
2460038
2459547
2456429
2466782
2472084
2466201
2450330
2466932
2454607
2477501
2444131
2461155
2445059
2412165
2427398
2449141
2450501
2470713
2458790
2453315
2472319
2457052
2461460
2468280
2412059
2410647
2450669
2444140
2469090
2455192
2462594
2394060
2416078
2444821
2442505
2461686
2444827
2413793
2407860
2444402
2450656
2446668
2445410
2441966
2450626
2449686
2468660
2459939
2466493
2445157
2402607
2415730
2453000
2461974
2463136
2472704
2438275
2464467
2454714
2467561
2442076
2465480
2404561
2422386
2461252
2448972
2448399
2433161
2460752
2470252
2464327
2481132
2481308
2467260
2447754
2465746
2397100
2414944
2461368
2465195
2451725
2460911
2459078
2468609
2445612
2383839
2412553
2460534
2454859
2448573
2458877
2424147
2413564
2452040
2456213
2449762
2452023
2456279
2448019
2459686
2472680
2415927
2402665
2408694
2456608
2467085
2444982
2443959
2409483
2394649
2445156
2465871
2465113
2432299
2467475
2441357
2411467
2402963
2464046
2442935
2459274
2458215
2451922
2416992
2418509
2433557
2456072
2461193
2453297
2452822
2451223
2444090
2480397
2440285
2457735
2398675
2433890
2455311
2425765
2477511
2462871
2429118
2415874
2432995
2464573
2430183
2456676
2448988
2410212
2413787
2451339
2447829
2446485
2474095
2461278
2476167
2454091
2454434
2419652
2410173
2434955
2455718
2443251
2476993
2437931
2480437
2456207
2458489
2474337
2444441
2413760
2435222
2456174
2443779
2457598
2451448
2459381
2441489
2467364
2458172
2429572
2412246
2432539
2463424
2445898
2460422
2446841
2464423
2415201
2416826
2462494
2449256
2464932
2455693
2471111
2431850
2462373
2444281
2408778
2421324
2457798
2459742
2613737
2467927
2417862
2417201
2454198
2445419
2430170
2459499
2424345
2394642
2405413
2460606
2467140
2468622
2472787
2444924
2473405
2445439
2463810
2457103
2425032
2420785
2435669
2466407
2430049
2465162
2473989
2447724
2454477
2460381
2442178
2460691
2460141
2415480
2420284
2450653
2460072
2450839
2452715
2440400
2461007
2445799
2402056
2398352
2437924
2450599
2448065
2474936
2466866
2463590
2461228
2464643
2461401
2467344
2453265
2409460
2416977
2459314
2466649
2454226
2455388
2459619
2409089
2408761
2452984
2459644
2455257
2429963
2458353
2451568
2455034
2472059
2451816
2448964
2411441
2437975
2441171
2446662
2458144
2470914
2446939
2444550
2462325
2465601
2468522
2412849
2411399
2450957
2465624
2451973
2458434
2464587
2454466
2465410
2439312
2447244
2415300
2410910
2461200
2454363
2471350
2456437
2448468
2467968
2462317
2458228
2471749
2412698
2416393
2436357
2444756
2443517
2426702
2466772
2457806
2410595
2427583
2440281
2452838
2451827
2474913
2457206
2476701
2460970
2467405
2463703
2464019
2461163
2454212
2436207
2470450
2450919
2460820
2399393
2436820
2456126
2450974
2457173
2448372
2448602
2448154
2420564
2391724
2447932
2439497
2459695
2417172
2415084
2443531
2458831
2464472
2460844
2455815
2465742
2455835
2460576
2461829
2456978
2452828
2466530
2471565
2479806
2462274
2462542
2432190
2471237
2452553
2467909
2469960
2466160
2421408
2433801
2435825
2448420
2527121
4128808
4065300
4764098
4066947
4065180
4064992
4025221
4055422
4033942
4023396
4049648
4033900
4070657
3414153
2490677
2470118
2530276
2553102
2571323
2581265
2563921
2552804
2541437
2552899
2563929
2529692
2580660
2546444
2571510
2559184
2598206
2551856
2585593
2561824
2533181
2563175
2518053
2562398
2575160
2587082
2559535
2582978
2553307
2590970
2554482
2580372
2548943
2546172
2562761
2535569
2566704
2511374
2598377
2530221
2571272
2552254
2524887
2575122
2540860
2584664
2545010
2526726
2552914
2546362
2533408
2568824
2543604
2567826
2544371
2558129
2550581
2552462
2549151
2550835
2586265
2550110
2576118
2525466
2564541
2565040
2563369
2551430
2544534
2538488
2546433
2564936
2569221
2560262
2563586
2576527
2548802
2532947
2570785
2546048
2575726
2557695
2571234
2566147
2568963
2558764
2564218
2477488
2483285
2475765
2445069
2434788
2470386
2444101
2460556
2437899
2454776
2447395
2464595
2457916
2461479
2459618
2466714
2464778
2457176
2468898
2477072
2449101
2408962
2385602
2437879
2477465
2467547
2462261
2462645
2461696
2446486
2463476
2458738
2451692
2471203
2419175
2458179
2411993
2414105
2442481
2426290
2454081
2456229
2456938
2466991
2397513
2408392
2445386
2457622
2447096
2450219
2473202
2482420
2452353
2458663
2449682
2455442
2457351
2457514
2479417
2457393
2454016
2471441
2447323
2421539
2409102
2442729
2460153
2447176
2460628
2448603
2472291
2462641
2451795
2425039
2399457
2437790
2446481
2450989
2462407
2463383
2459671
2466038
2468925
2474441
2459321
2440964
2468612
2449410
2426435
2420766
2443550
2448818
2451022
2460865
2457825
2435381
2449583
2454307
2409953
2418028
2443963
2472268
2452991
2449685
2439527
2414432
2412507
2473907
2443203
2454582
2440199
2462502
2456909
2457166
2469754
2457722
2455531
2465722
2455223
2465127
2459485
2460639
2471093
2461900
2434018
2408489
2397156
2457237
2454001
2443570
2456329
2466715
2463283
2457129
2460679
2442185
2456759
2438740
2469694
2464642
2464398
2467264
2468132
2455707
2452740
2419283
2416262
2449920
2463294
2453070
2453367
2434281
2455577
2436656
2433219
2409842
2456155
2452348
2441601
2415102
2416874
2446766
2421459
2466418
2460269
2456589
2421642
2411457
2444796
2450530
2439476
2451631
2455642
2466777
2454955
2465447
2461860
2470867
2461074
2458449
2417746
2406905
2407832
2433586
2446570
2463267
2457497
2466553
2459148
2468050
2452967
2469953
2437338
2403345
2418235
2463160
2429602
2454444
2447466
2445793
2439061
2452692
2467636
2471254
2465340
2453662
2442051
2477218
2469936
2489622
2465029
2451194
2458645
2464492
2461044
2464837
2452152
2483570
2455987
2483819
2443521
2453615
2418909
2407740
2441659
2464912
2419128
2405205
2457269
2459676
2441783
2440416
2443586
2450738
2452190
2411399
2424195
2441574
2458359
2440567
2444878
2438853
2468306
2463402
2460510
2462627
2412003
2415090
2448516
2449075
2446562
2448029
2463976
2457015
2448711
2454611
2459064
2468373
2457693
2469062
2475353
2432190
2420181
2416990
2470588
2463194
2441494
2432332
2458447
2441910
2477065
2463154
2457006
2465421
2459016
2459727
2451483
2448201
2413314
2408630
2446580
2444942
2448097
2457985
2445466
2402209
2401381
2447702
2463393
2430831
2483953
2454164
2466599
2445238
2471431
2452505
2412411
2413508
2438116
2458173
2456250
2474051
2431155
2452549
2457135
2420799
2415429
2440190
2444787
2467919
2401565
2410328
2459116
2455061
2458100
2466140
2452530
2458909
2467811
2470332
2450766
2462458
2435315
2453121
2415687
2415466
2444425
2428450
2461514
2457765
2431291
2466409
2464411
2456667
2456817
2438258
2458078
2451205
2464565
2446646
2476821
2469582
2463382
2473678
2462489
2465412
2472728
2457469
2453207
2410045
2405315
2430948
2441390
2445949
2465802
2465008
2467800
2454094
2456701
2458648
2454709
2459106
2455570
2454090
2470319
2468207
2448045
2468370
2472760
2464939
2472076
2464455
2478176
2464117
2462772
2458644
2467869
2471631
2390905
2413631
2446444
2463364
2485667
2450357
2450851
2452003
2438060
2445376
2479345
2448227
2472527
2432588
2422331
2402067
2438030
2451793
2458652
2472116
2458794
2466196
2461099
2451779
2448474
2389824
2402218
2455070
2460710
2466044
2469189
2456863
2392920
2410494
2446687
2477117
2462779
2461578
2445594
2450561
2452019
2459483
2472080
2464007
2458802
2459455
2466170
2463202
2445882
2406223
2386197
2469399
2440036
2438896
2466553
2514092
2490394
2465999
2457805
2473585
2467797
2446643
2437110
2420612
2412445
2416114
2463278
2431900
2440923
2409719
2405001
2449264
2462835
2460913
2467141
2564705
4070568
4038663
4096411
4078542
4082470
4051447
4050570
4058431
4096818
7152684
6764943
2775466
2474258
2504415
2494172
2475640
2459215
2464568
2476133
2463133
2471619
2483864
2515737
2482973
2488525
2471865
2508356
2724740
2643636
2630246
2620428
2639267
2608023
2480621
2500179
2468058
2420611
2451640
2446099
2458713
2459477
2443671
2443173
2466489
2425270
2427572
2442165
2442788
2462374
2435565
2447119
2453200
2459151
2469171
2453160
2451680
2453430
2471970
2471018
2417769
2426094
2396955
2432601
2455008
2436853
2447302
2421358
2416847
2448543
2454658
2456830
2464789
2476698
2444881
2457607
2421291
2409475
2407209
2463318
2586668
2432427
2420413
2455260
2454933
2451798
2444625
2440852
2466429
2461048
2468803
2449576
2468208
2459613
2461204
2456062
2467065
2448464
2444348
2412830
2405235
2440943
2451805
2460779
2464512
2456504
2466094
2451551
2476028
2460740
2461805
2447312
2456732
2465387
2466308
2455528
2446346
2452998
2456815
2434585
2473843
2471146
2461192
2484636
2452858
2472766
2475230
2450469
2412426
2409436
2463565
2447070
2451475
2404191
2422829
2459057
2429912
2441420
2451239
2445034
2476032
2467815
2460956
2447374
2418259
2425421
2446163
2441751
2450805
2464927
2456447
2413632
2425483
2445496
2438908
2438930
2452447
2441203
2467704
2458722
2465456
2450598
2459955
2450776
2407420
2416856
2441485
2475307
2432182
2458665
2469240
2457962
2448344
2417091
2404043
2422145
2487379
2454077
2438314
2440711
2460944
2474358
2461658
2446910
2431242
2432123
2392128
2428103
2431483
2472738
2470428
2466070
2449787
2448259
2461350
2468615
2455436
2460661
2398385
2413221
2451189
2459841
2459836
2467660
2478086
2447926
2459565
2432039
2466993
2476188
2474093
2465270
2470433
2481672
2482735
2461334
2457544
2468258
2458640
2419055
2411096
2452978
2459788
2458970
2472760
2433015
2480423
2440233
2451631
2408655
2424704
2453484
2450285
2478373
2453390
2443329
2472428
2459875
2468615
2466261
2451304
2467059
2460398
2466015
2398414
2436727
2456387
2445343
2434796
2451885
2452360
2457401
2464058
2452141
2470630
2447384
2413633
2386888
2450599
2471154
2456123
2453807
2474219
2457668
2465677
2465300
2472080
2460972
2453130
2472094
2420338
2423385
2420717
2447253
2454268
2456103
2457957
2435202
2460927
2459035
2458630
2443186
2462353
2474209
2456593
2458070
2425239
2413092
2435724
2462285
2451878
2469094
2462194
2460160
2450266
2460880
2446936
2455401
2463161
2411985
2418162
2451419
2449793
2455113
2453302
2473842
2460752
2458161
2471927
2415904
2400655
2463867
2433866
2449589
2474295
2464680
2470057
2464107
2467242
2475552
2462120
2461483
2467546
2451244
2406398
2424323
2443082
2453354
2453243
2439128
2466302
2457508
2452436
2458891
2451887
2467813
2462299
2458254
2450339
2418514
2396226
2462973
2463766
2457483
2444146
2430166
2412219
2408469
2463015
2441942
2462282
2462372
2458704
2470404
2461836
2445079
2410668
2418365
2452831
2462311
2457770
2449753
2443506
2456085
2462820
2460147
2461458
2459600
2448455
2441686
2391444
2413091
2445495
2466510
2464243
2466360
2452241
2451925
2467727
2459325
2461892
2491040
2465627
2439968
2457660
2462036
2464751
2469642
2441926
2396184
2411754
2450590
2455948
2458449
2463050
2447788
2480364
2438736
2412198
2425520
2439282
2460863
2428495
2460515
2457839
2458635
2452048
2464748
2460953
2466270
2442879
2402156
2420975
2455906
2457036
2472493
2457875
2465253
2459110
2473220
2439967
2411622
2415296
2446941
2436337
2451520
2439284
2463654
2436881
2425088
2409154
2449741
2454450
2464576
2471479
2455106
2461572
2468497
2460745
2442890
2463026
2464970
2414717
2405330
2422807
2466023
2465023
2444115
2423028
2418166
2446880
2462691
2473838
2445960
2461763
2463929
2449974
2466173
2429578
2446251
2428751
2391981
2458191
2426028
2472554
2464627
2446612
2471584
2468159
2442012
2428675
2413190
2406116
2460973
2445390
2454105
2419312
2417398
2443949
2462231
2446963
2445760
2454244
2460678
2461493
2478175
2450119
2461126
2466766
2472161
2469914
2439972
2474858
2413034
2413239
2455405
2457714
2616736
2435380
2418463
2414775
2449483
2442582
2464575
2457236
2449383
2470821
2458205
2468396
2453852
2407859
2420498
2433651
2458104
2460606
2445447
2432197
2458789
2413739
2414150
2433277
2462590
2459494
2455073
2466045
2454447
2414985
2391624
2443437
2468758
2465169
2453400
2463527
2472852
2468586
2441847
2454601
2422052
2420602
2455694
2421588
2457503
2459200
2461335
2475093
2458607
2468132
2464901
2466761
2482450
2432704
2426241
2413347
2442701
2455856
2531828
4108576
4086445
4098131
4061753
4053988
4045585
4046573
4040883
4049437
4040029
4037611
4074936
4055275
2724025
2445394
2460058
2461747
2457249
2466795
2461664
2464129
2463075
2465435
2473042
2486448
2468647
2452245
2451621
2463486
2479763
2463822
2484100
2471685
2480745
2475840
2444715
2477999
2481330
2468123
2450890
2463869
2453411
2449269
2447177
2455850
2404848
2413916
2440024
2440990
2454209
2446592
2416202
2417197
2442604
2453875
2456018
2461464
2451280
2454199
2441702
2460295
2465977
2454978
2444146
2447080
2484438
2466426
2467597
2466785
2470876
2470429
2467863
2446373
2418956
2408975
2441092
2445406
2454722
2466306
2479696
2465397
2442533
2460609
2469836
2460431
2447077
2461408
2387772
2429230
2428210
2464321
2453560
2470537
2467596
2461341
2434095
2465584
2469648
2453330
2473694
2461795
2460663
2420578
2412616
2449229
2439750
2457832
2463469
2459087
2458753
2461403
2464320
2470540
2443012
2469350
2480125
2471338
2467562
2442992
2396687
2392819
2438121
2456082
2447731
2459148
2444425
2458387
2474338
2410668
2424058
2420312
2426703
2463962
2425586
2422565
2422668
2434363
2410255
2418312
2442354
2447594
2456772
2451473
2464268
2467088
2469161
2462306
2475670
2460653
2468678
2466094
2461048
2469050
2458207
2469797
2437727
2430011
2427866
2451860
2444383
2460195
2468903
2459739
2467327
2459247
2425816
2403324
2459584
2440685
2436962
2473869
2481670
2458844
2460646
2425171
2413398
2451071
2423698
2449865
2459287
2461937
2455739
2449370
2474249
2458642
2466337
2459861
2452882
2462389
2422931
2407626
2456754
2452146
2428571
2460333
2458218
2399751
2423397
2451803
2448100
2439117
2441552
2413586
2422553
2439977
2471122
2483498
2480326
2460446
2454621
2460599
2465316
2453900
2439903
2395683
2409050
2452368
2455525
2454492
2455069
2458810
2455652
2460430
2387006
2418310
2443729
2446784
2454046
2468407
2474161
2478981
2460994
2475636
2415640
2407506
2442996
2446401
2450489
2466204
2467519
2477814
2460603
2468410
2468745
2409756
2421697
2451155
2463313
2450248
2434386
2462413
2447142
2446587
2429661
2408313
2452882
2450293
2444478
2448903
2440326
2410995
2414265
2450877
2445958
2468966
2456430
2467641
2482571
2459234
2460648
2457790
2460257
2471927
2458729
2456783
2468754
2463638
2460894
2451147
2475513
2458887
2453146
2464950
2413442
2414022
2462324
2454619
2458444
2444141
2471120
2472626
2467311
2461675
2464469
2461786
2471989
2465008
2470129
2482644
2469062
2463348
2437088
2468529
2407414
2423534
2441443
2422775
2457320
2436652
2463921
2427965
2417163
2446659
2448151
2445143
2435549
2461039
2466938
2472214
2406236
2421993
2432932
2453841
2450260
2453208
2480840
2431884
2454136
2594044
2587065
2491629
2481080
2476624
2448588
2458011
2469910
2470005
2462419
2465468
2414678
2406953
2438736
2456949
2469383
2429991
2462048
2482367
2459519
2458344
2625243
2431674
2456864
2443858
2424698
2446218
2432871
2472653
2477228
2469417
2467646
2448111
2473479
2454126
2454851
2438668
2455253
2446155
2422640
2394949
2437012
2481339
2443104
2467973
2462809
2477989
2466153
2421248
2412041
2436522
2449146
2453239
2455457
2455547
2465076
2452901
2456067
2429690
2415521
2445722
2447641
2463086
2458418
2452702
2479981
2484524
2463029
2465317
2464105
2460796
2466664
2463955
2435741
2460030
2467599
2410812
2401389
2442491
2459730
2466617
2454744
2459510
2463972
2459179
2444160
2407550
2450439
2443847
2446932
2450165
2451470
2405689
2419425
2444765
2432057
2454455
2438464
2470836
2471505
2460123
2464180
2477414
2466331
2467323
2433786
2463740
2474935
2449582
2416480
2403622
2455336
2473742
2434259
2471682
2465442
2474958
2460064
2459479
2459599
2474917
2478626
2470648
2451014
2413576
2400559
2454452
2461186
2440595
2455183
2457735
2456945
2454600
2473130
2454223
2426754
2392275
2425083
2437190
2460343
2468825
2445260
2384613
2418109
2465324
2472728
2442097
2476315
2453984
2466253
2411388
2422132
2439797
2474533
2453913
2454920
2455465
2450786
2452973
2463977
2459956
2458744
2452509
2470974
2483099
2464633
2469605
2462298
2460832
2445822
2416439
2409940
2446561
2459638
2447812
2462894
2449037
2444690
2459308
2407161
2409915
2441225
2445047
2435247
2447598
2408544
2429290
2446118
2461881
2451851
2456693
2448513
2455802
2406114
2420826
2473132
2444847
2452781
2454785
2452826
2445762
2422857
2414886
2458900
2456165
2441149
2454500
2433099
2462818
2458885
2443496
2422890
2425455
2442806
2441969
2453703
2453686
2454858
2474639
2464255
2446706
2415203
2419133
2446090
2471412
2448042
2540249
4091974
4067556
4053515
4063053
4039521
4054416
4068040
4058379
4058128
4054576
4009235
4039180
4066423
3129481
2425011
2470478
2457932
2406734
2419087
2452160
2435159
2461910
2459704
2458930
2460797
2456608
2477499
2458523
2465359
2468597
2458845
2462707
2474494
2472993
2468227
2471306
2420756
2426419
2409909
2449717
2458431
2448260
2466011
2464974
2451041
2474446
2403786
2427160
2451147
2441313
2449875
2465278
2473015
2472191
2456299
2474912
2468923
2447223
2451323
2452461
2458389
2463028
2459091
2475992
2459282
2465855
2465353
2465626
2463937
2462787
2468443
2482497
2459714
2447438
2469067
2465960
2466103
2464152
2438647
2466602
2477026
2478293
2476917
2464456
2465886
2482010
2467113
2458503
2441117
2454411
2464968
2431358
2432876
2411076
2420653
2463998
2439870
2458694
2450939
2463209
2459214
2464275
2472569
2457017
2463343
2457144
2453327
2453190
2460187
2457609
2455491
2479562
2475547
2450056
2462763
2478283
2472673
2448320
2470425
2448161
2475662
2443104
2421217
2425644
2450549
2446861
2453248
2455028
2439912
2469004
2462224
2454479
2457661
2476988
2441530
2461428
2461444
2474704
2473722
2457972
2467903
2462340
2468779
2455400
2459472
2461176
2458671
2473999
2471426
2455321
2457787
2453319
2476996
2471204
2469305
2469589
2451427
2470299
2463376
2452168
2454972
2471370
2446157
2459232
2469415
2464468
2456913
2482308
2461492
2456517
2445136
2465292
2460341
2459988
2475039
2458746
2472052
2451650
2462764
2421077
2409544
2408304
2476004
2450276
2457935
2465123
2450989
2475510
2477163
2461968
2452771
2477059
2437089
2476172
2458594
2418494
2414141
2457136
2450531
2449807
2442414
2609075
2471613
2414463
2404782
2453100
2460401
2457037
2456247
2447614
2462572
2470167
2469136
2468095
2450067
2460966
2438927
2472811
2428931
2422712
2401666
2424868
2466163
2466033
2463867
2479525
2472526
2460281
2467575
2465844
2470915
2454701
2477803
2435599
2458754
2449076
2418541
2400853
2441573
2452741
2453910
2450795
2460109
2442733
2440376
2489732
2461212
2455500
2463218
2453173
2470623
2425922
2460596
2443334
2458991
2465889
2410519
2419574
2462054
2433321
2463210
2449950
2459941
2430753
2462625
2457018
2441993
2466681
2466782
2470958
2454955
2467461
2463222
2477356
2467465
2464314
2465194
2470873
2455648
2434722
2479139
2454267
2457516
2470675
2462347
2456949
2469405
2455506
2467916
2465753
2387626
2421994
2452704
2476464
2456032
2453846
2465742
2452646
2461418
2467085
2459382
2418920
2427712
2443879
2445562
2458142
2459795
2480588
2454030
2454696
2465129
2461902
2469514
2446503
2453334
2453719
2470954
2457524
2460691
2452256
2434496
2419030
2406908
2422514
2431867
2479170
2433733
2449025
2475770
2465837
2477580
2472722
2465514
2470856
2448922
2419951
2413210
2435448
2460369
2456793
2467824
2464185
2460459
2466416
2461155
2462340
2441795
2417849
2407696
2457247
2451455
2460266
2449135
2473461
2449003
2437416
2454898
2432749
2463331
2455277
2464782
2404062
2425162
2450137
2457234
2448131
2438318
2401189
2420242
2473623
2461023
2477002
2474397
2447006
2437771
2451467
2461137
2465460
2454531
2387147
2416433
2455630
2452431
2457004
2455977
2473109
2461855
2467670
2445128
2463452
2466221
2459527
2473259
2462752
2448816
2463452
2446369
2468303
2471944
2474159
2478591
2432009
2467880
2473415
2469723
2474473
2468674
2458498
2459720
2465416
2451556
2458847
2471116
2477181
2411601
2418901
2428274
2450311
2437003
2459102
2449853
2456861
2445662
2467408
2470451
2456562
2473739
2461716
2444779
2465243
2417047
2421431
2448844
2444412
2451496
2458753
2444385
2464801
2441560
2439150
2385341
2420179
2461205
2454072
2476413
2470617
2461901
2462739
2466902
2467056
2438642
2449684
2462613
2460241
2460662
2415035
2415921
2428431
2463334
2447373
2457639
2463209
2478400
2458481
2479778
2465136
2419241
2419781
2447374
2452432
2444365
2462516
2458841
2464530
2454493
2457002
2453313
2459678
2430761
2396190
2564241
2455842
2425976
2414656
2447787
2471839
2458729
2456124
2456809
2467911
2465007
2455793
2471805
2471228
2460773
2456548
2445454
2460067
2450367
2420754
2416371
2453921
2453969
2449194
2464413
2460577
2464612
2479809
2463448
2433959
2411865
2393788
2457233
2439181
2461003
2451112
2462658
2458182
2455831
2455093
2467287
2470174
2439514
2463525
2456504
2453599
2455776
2472853
2443210
2445768
2482376
2461812
2457360
2444883
2404612
2421307
2451766
2459277
2445571
2461820
2477286
2478225
2465503
2459176
2485097
2455529
2452693
2463432
2478213
2453920
2479159
2451638
2473320
2468702
2524871
4059517
4057820
4044770
4042558
4036404
4067807
4037305
4034622
4099574
4107716
4070806
4053562
4070172
3502479
2461521
2474294
2484770
2463009
2476980
2506014
2460659
2450136
2442203
2442290
2454925
2466976
2460205
2472385
2470711
2519137
2499974
2498074
2492675
2488153
2475540
2480943
2516037
2469380
2468863
2465274
2488566
2476974
2468043
2459222
2466352
2464871
2456995
2472110
2461445
2459103
2416132
2417028
2438874
2608226
2455371
2473331
2461505
2454308
2469834
2408918
2395046
2464020
2469955
2447460
2467465
2453427
2398776
2404172
2457449
2455377
2456775
2410782
2424798
2458404
2448025
2452539
2462539
2462758
2463250
2446198
2452343
2436993
2452439
2415036
2415812
2428603
2457387
2477138
2457120
2454768
2470330
2457973
2443317
2463938
2460744
2464664
2438360
2476222
2448176
2469961
2418216
2411711
2419815
2453445
2468660
2469067
2483515
2464597
2473177
2472995
2454836
2463215
2464758
2449922
2414808
2420018
2445771
2450754
2455090
2444968
2448324
2469451
2443975
2473154
2460013
2419876
2405997
2441356
2452390
2456436
2435531
2458825
2474012
2464481
2454716
2414368
2422998
2448464
2455004
2455049
2471235
2466383
2453346
2450944
2463101
2461993
2485269
2459575
2405824
2420771
2458769
2449381
2452577
2451793
2461732
2459420
2463558
2458479
2458104
2480083
2466403
2452865
2480174
2462340
2461486
2446382
2472202
2457385
2451433
2465969
2466578
2477957
2477353
2468206
2435638
2441829
2410676
2421897
2447113
2458388
2449344
2449887
2454363
2435145
2460723
2443800
2467170
2448888
2467942
2465618
2455477
2425590
2409938
2457320
2448451
2455929
2460141
2457967
2459660
2458031
2460142
2446428
2477965
2447535
2454311
2415644
2416810
2430834
2443657
2464085
2471238
2472693
2460936
2478903
2460833
2401788
2391853
2457888
2468803
2475722
2437296
2460163
2444707
2475033
2447878
2380847
2418722
2431101
2473219
2443367
2409862
2419685
2444994
2449084
2461143
2447369
2419756
2446564
2407708
2421408
2445840
2463580
2458512
2441442
2457733
2448044
2460480
2451072
2424665
2385946
2449710
2458451
2473636
2457548
2456723
2466856
2460257
2453650
2462044
2466296
2466336
2458222
2395868
2411868
2439536
2461444
2458788
2454296
2465623
2468818
2476622
2486678
2451508
2439315
2400119
2426714
2444514
2460457
2445299
2433761
2478687
2456493
2462903
2474939
2478603
2467716
2469502
2452902
2477202
2477805
2488430
2481683
2467637
2461229
2462871
2476693
2468200
2449079
2454627
2467833
2460333
2449331
2439742
2465615
2449734
2447790
2454666
2466100
2459981
2471165
2461296
2442694
2416087
2414333
2426697
2449255
2464602
2448242
2469027
2453754
2455264
2467032
2466622
2473888
2460718
2462402
2474761
2462466
2456611
2467730
2455402
2454537
2392625
2408877
2459653
2452805
2463157
2456609
2473587
2459751
2463202
2462544
2470923
2474540
2452961
2465840
2468466
2405748
2418428
2434826
2453570
2436213
2450292
2453278
2476002
2473142
2457796
2409289
2418531
2451232
2433585
2464378
2483941
2454026
2432329
2412222
2404546
2430106
2474895
2458465
2468248
2452382
2498243
2501136
2501361
2493927
2476250
2490101
2469043
2467047
2480488
2471387
2462359
2481198
2472146
2456817
2488516
2510593
2482676
2494522
2486701
2474585
2499369
2491942
2460588
2486870
2482603
2471471
2482985
2473083
2459634
2486141
2475514
2479727
2481080
2520714
2502890
2512936
2466855
2441143
2465089
2467279
2441241
2473925
2465347
2460579
2471376
2488241
2430023
2465726
2410668
2418382
2453706
2447557
2444250
2440823
2456300
2480020
2462494
2448611
2465809
2454682
2469784
2412713
2423326
2400754
2451696
2475527
2474038
2453533
2471007
2472355
2458648
2437709
2451361
2465594
2479035
2498547
2495793
2506006
2508874
2486914
2492825
2486925
2480110
2460732
2477608
2464248
2520679
2509468
2473541
2457906
2451400
2468339
2454992
2439848
2455504
2459392
2466803
2616578
2484718
2484190
2492753
2466866
2461637
2483171
2469202
2459718
2478057
2460516
2472742
2470307
2462272
2470064
2478910
2473410
2465386
2468749
2472787
2453149
2460182
2475917
2475181
2474692
2449737
2461762
2467356
2475832
2459679
2467011
2454118
2465538
2468370
2454612
2465180
2452507
2469287
2466003
2455471
2460267
2443984
2471827
2504198
2461490
2459356
2488150
2474950
2432642
2453992
2467156
2460071
2447745
2442826
2444676
2451415
2452937
2456081
2449383
2463624
2453577
2413491
2421051
2462049
2427667
2453174
2445782
2409072
2413275
2459579
2444403
2468139
2451304
2461000
2458813
2446043
2414398
2428793
2446907
2456749
2461929
2444943
2461268
2447879
2469002
2636785
4120747
4060384
4049416
4054836
4051921
4065519
4069560
4079078
